date,week,location,age_group,value
2009-01-14,2,DE,00+,0
2009-01-20,3,DE,00+,0
2009-03-18,11,DE,00+,0
2009-04-03,14,DE,00+,0
2009-04-28,17,DE,00+,0
2009-05-02,18,DE,00+,0
2009-05-07,19,DE,00+,0
2009-05-08,19,DE,00+,0
2009-05-11,19,DE,00+,0
2009-05-12,19,DE,00+,0
2009-05-13,19,DE,00+,0
2009-05-15,20,DE,00+,0
2009-05-18,20,DE,00+,0
2009-05-19,20,DE,00+,0
2009-05-22,21,DE,00+,0
2009-05-25,21,DE,00+,0
2009-05-29,22,DE,00+,0
2009-06-04,23,DE,00+,0
2009-06-09,23,DE,00+,0
2009-06-10,23,DE,00+,0
2009-06-11,24,DE,00+,0
2009-06-13,24,DE,00+,0
2009-06-15,24,DE,00+,0
2009-06-16,24,DE,00+,0
2009-06-17,24,DE,00+,0
2009-06-18,25,DE,00+,0
2009-06-19,25,DE,00+,0
2009-06-20,25,DE,00+,0
2009-06-21,25,DE,00+,0
2009-06-23,25,DE,00+,0
2009-06-26,26,DE,00+,0
2009-06-29,26,DE,00+,0
2009-07-03,27,DE,00+,0
2009-07-06,27,DE,00+,0
2009-07-08,27,DE,00+,0
2009-07-10,28,DE,00+,0
2009-07-15,28,DE,00+,0
2009-07-16,29,DE,00+,0
2009-07-17,29,DE,00+,0
2009-07-18,29,DE,00+,0
2009-07-19,29,DE,00+,0
2009-07-20,29,DE,00+,0
2009-07-21,29,DE,00+,0
2009-07-22,29,DE,00+,0
2009-07-23,30,DE,00+,0
2009-07-24,30,DE,00+,0
2009-07-25,30,DE,00+,0
2009-07-26,30,DE,00+,0
2009-07-27,30,DE,00+,0
2009-07-28,30,DE,00+,0
2009-07-29,30,DE,00+,0
2009-07-30,31,DE,00+,0
2009-07-31,31,DE,00+,0
2009-08-01,31,DE,00+,0
2009-08-03,31,DE,00+,0
2009-08-04,31,DE,00+,0
2009-08-05,31,DE,00+,0
2009-08-06,32,DE,00+,0
2009-08-07,32,DE,00+,0
2009-08-14,33,DE,00+,0
2009-08-15,33,DE,00+,0
2009-08-17,33,DE,00+,0
2009-08-18,33,DE,00+,0
2009-08-19,33,DE,00+,0
2009-08-20,34,DE,00+,0
2009-08-21,34,DE,00+,0
2009-08-22,34,DE,00+,0
2009-08-24,34,DE,00+,0
2009-08-25,34,DE,00+,0
2009-08-26,34,DE,00+,0
2009-08-27,35,DE,00+,0
2009-08-28,35,DE,00+,0
2009-08-29,35,DE,00+,0
2009-08-31,35,DE,00+,0
2009-09-01,35,DE,00+,0
2009-09-03,36,DE,00+,0
2009-09-04,36,DE,00+,0
2009-09-05,36,DE,00+,0
2009-09-07,36,DE,00+,0
2009-09-08,36,DE,00+,0
2009-09-09,36,DE,00+,0
2009-09-10,37,DE,00+,0
2009-09-11,37,DE,00+,0
2009-09-12,37,DE,00+,0
2009-09-14,37,DE,00+,0
2009-09-15,37,DE,00+,0
2009-09-17,38,DE,00+,0
2009-09-18,38,DE,00+,0
2009-09-19,38,DE,00+,0
2009-09-21,38,DE,00+,0
2009-09-22,38,DE,00+,0
2009-09-23,38,DE,00+,0
2009-09-24,39,DE,00+,0
2009-09-28,39,DE,00+,0
2009-09-29,39,DE,00+,0
2009-09-30,39,DE,00+,0
2009-10-01,40,DE,00+,0
2009-10-02,40,DE,00+,0
2009-10-03,40,DE,00+,0
2009-10-05,40,DE,00+,0
2009-10-06,40,DE,00+,0
2009-10-07,40,DE,00+,0
2009-10-08,41,DE,00+,0
2009-10-09,41,DE,00+,0
2009-10-10,41,DE,00+,0
2009-10-12,41,DE,00+,0
2009-10-13,41,DE,00+,0
2009-10-14,41,DE,00+,0
2009-10-15,42,DE,00+,0
2009-10-16,42,DE,00+,0
2009-10-17,42,DE,00+,0
2009-10-18,42,DE,00+,0
2009-10-19,42,DE,00+,0
2009-10-20,42,DE,00+,0
2009-10-21,42,DE,00+,0
2009-10-22,43,DE,00+,0
2009-10-23,43,DE,00+,0
2009-10-24,43,DE,00+,0
2009-10-26,43,DE,00+,1
2009-10-27,43,DE,00+,0
2009-10-28,43,DE,00+,0
2009-10-29,44,DE,00+,0
2009-10-30,44,DE,00+,0
2009-10-31,44,DE,00+,0
2009-11-01,44,DE,00+,0
2009-11-02,44,DE,00+,0
2009-11-03,44,DE,00+,0
2009-11-04,44,DE,00+,0
2009-11-05,45,DE,00+,0
2009-11-06,45,DE,00+,0
2009-11-07,45,DE,00+,0
2009-11-08,45,DE,00+,0
2009-11-09,45,DE,00+,0
2009-11-10,45,DE,00+,0
2009-11-11,45,DE,00+,1
2009-11-12,46,DE,00+,0
2009-11-13,46,DE,00+,0
2009-11-14,46,DE,00+,0
2009-11-15,46,DE,00+,0
2009-11-16,46,DE,00+,0
2009-11-17,46,DE,00+,0
2009-11-18,46,DE,00+,0
2009-11-19,47,DE,00+,0
2009-11-20,47,DE,00+,0
2009-11-21,47,DE,00+,0
2009-11-22,47,DE,00+,1
2009-11-23,47,DE,00+,0
2009-11-24,47,DE,00+,3
2009-11-25,47,DE,00+,0
2009-11-26,48,DE,00+,2
2009-11-27,48,DE,00+,1
2009-11-28,48,DE,00+,0
2009-11-29,48,DE,00+,0
2009-11-30,48,DE,00+,1
2009-12-01,48,DE,00+,0
2009-12-02,48,DE,00+,1
2009-12-03,49,DE,00+,0
2009-12-04,49,DE,00+,0
2009-12-05,49,DE,00+,0
2009-12-06,49,DE,00+,0
2009-12-07,49,DE,00+,0
2009-12-08,49,DE,00+,2
2009-12-09,49,DE,00+,0
2009-12-10,50,DE,00+,2
2009-12-11,50,DE,00+,0
2009-12-12,50,DE,00+,0
2009-12-13,50,DE,00+,0
2009-12-14,50,DE,00+,2
2009-12-15,50,DE,00+,0
2009-12-16,50,DE,00+,0
2009-12-17,51,DE,00+,1
2009-12-18,51,DE,00+,1
2009-12-19,51,DE,00+,0
2009-12-20,51,DE,00+,1
2009-12-21,51,DE,00+,0
2009-12-22,51,DE,00+,0
2009-12-23,51,DE,00+,0
2009-12-24,52,DE,00+,0
2009-12-25,52,DE,00+,0
2009-12-26,52,DE,00+,0
2009-12-27,52,DE,00+,0
2009-12-28,52,DE,00+,0
2009-12-29,52,DE,00+,2
2009-12-30,52,DE,00+,0
2009-12-31,53,DE,00+,0
2010-01-01,1,DE,00+,0
2010-01-02,1,DE,00+,0
2010-01-03,1,DE,00+,0
2010-01-04,1,DE,00+,0
2010-01-05,1,DE,00+,1
2010-01-06,1,DE,00+,0
2010-01-07,1,DE,00+,0
2010-01-08,2,DE,00+,0
2010-01-09,2,DE,00+,0
2010-01-10,2,DE,00+,0
2010-01-11,2,DE,00+,0
2010-01-12,2,DE,00+,0
2010-01-13,2,DE,00+,0
2010-01-14,2,DE,00+,0
2010-01-15,3,DE,00+,0
2010-01-16,3,DE,00+,0
2010-01-18,3,DE,00+,0
2010-01-19,3,DE,00+,0
2010-01-20,3,DE,00+,0
2010-01-21,3,DE,00+,0
2010-01-22,4,DE,00+,0
2010-01-23,4,DE,00+,0
2010-01-24,4,DE,00+,0
2010-01-25,4,DE,00+,0
2010-01-26,4,DE,00+,0
2010-01-27,4,DE,00+,0
2010-01-28,4,DE,00+,0
2010-01-29,5,DE,00+,0
2010-01-30,5,DE,00+,0
2010-01-31,5,DE,00+,0
2010-02-01,5,DE,00+,0
2010-02-02,5,DE,00+,0
2010-02-03,5,DE,00+,0
2010-02-04,5,DE,00+,0
2010-02-05,6,DE,00+,0
2010-02-06,6,DE,00+,0
2010-02-07,6,DE,00+,0
2010-02-08,6,DE,00+,0
2010-02-09,6,DE,00+,0
2010-02-10,6,DE,00+,0
2010-02-11,6,DE,00+,0
2010-02-12,7,DE,00+,0
2010-02-13,7,DE,00+,0
2010-02-15,7,DE,00+,1
2010-02-16,7,DE,00+,0
2010-02-17,7,DE,00+,0
2010-02-18,7,DE,00+,0
2010-02-19,8,DE,00+,0
2010-02-20,8,DE,00+,0
2010-02-21,8,DE,00+,0
2010-02-22,8,DE,00+,0
2010-02-23,8,DE,00+,0
2010-02-24,8,DE,00+,0
2010-02-25,8,DE,00+,0
2010-02-26,9,DE,00+,0
2010-02-27,9,DE,00+,0
2010-02-28,9,DE,00+,0
2010-03-01,9,DE,00+,0
2010-03-02,9,DE,00+,0
2010-03-03,9,DE,00+,0
2010-03-04,9,DE,00+,0
2010-03-05,10,DE,00+,0
2010-03-06,10,DE,00+,0
2010-03-07,10,DE,00+,0
2010-03-08,10,DE,00+,0
2010-03-09,10,DE,00+,0
2010-03-10,10,DE,00+,0
2010-03-11,10,DE,00+,0
2010-03-12,11,DE,00+,0
2010-03-13,11,DE,00+,0
2010-03-15,11,DE,00+,0
2010-03-16,11,DE,00+,0
2010-03-17,11,DE,00+,0
2010-03-18,11,DE,00+,0
2010-03-19,12,DE,00+,0
2010-03-20,12,DE,00+,0
2010-03-22,12,DE,00+,1
2010-03-23,12,DE,00+,0
2010-03-24,12,DE,00+,0
2010-03-25,12,DE,00+,0
2010-03-26,13,DE,00+,0
2010-03-27,13,DE,00+,0
2010-03-29,13,DE,00+,0
2010-03-30,13,DE,00+,0
2010-03-31,13,DE,00+,1
2010-04-01,13,DE,00+,0
2010-04-02,14,DE,00+,0
2010-04-03,14,DE,00+,1
2010-04-04,14,DE,00+,0
2010-04-06,14,DE,00+,0
2010-04-07,14,DE,00+,0
2010-04-08,14,DE,00+,0
2010-04-09,15,DE,00+,0
2010-04-10,15,DE,00+,0
2010-04-11,15,DE,00+,0
2010-04-12,15,DE,00+,0
2010-04-13,15,DE,00+,0
2010-04-14,15,DE,00+,0
2010-04-15,15,DE,00+,0
2010-04-16,16,DE,00+,0
2010-04-17,16,DE,00+,0
2010-04-18,16,DE,00+,0
2010-04-19,16,DE,00+,0
2010-04-20,16,DE,00+,0
2010-04-21,16,DE,00+,0
2010-04-22,16,DE,00+,0
2010-04-23,17,DE,00+,0
2010-04-24,17,DE,00+,0
2010-04-26,17,DE,00+,0
2010-04-27,17,DE,00+,0
2010-04-28,17,DE,00+,0
2010-04-29,17,DE,00+,0
2010-04-30,18,DE,00+,0
2010-05-03,18,DE,00+,0
2010-05-04,18,DE,00+,0
2010-05-05,18,DE,00+,0
2010-05-06,18,DE,00+,0
2010-05-07,19,DE,00+,0
2010-05-08,19,DE,00+,0
2010-05-10,19,DE,00+,0
2010-05-11,19,DE,00+,0
2010-05-12,19,DE,00+,0
2010-05-13,19,DE,00+,0
2010-05-14,20,DE,00+,0
2010-05-15,20,DE,00+,0
2010-05-17,20,DE,00+,0
2010-05-18,20,DE,00+,0
2010-05-19,20,DE,00+,0
2010-05-20,20,DE,00+,0
2010-05-21,21,DE,00+,0
2010-05-22,21,DE,00+,0
2010-05-25,21,DE,00+,0
2010-05-26,21,DE,00+,0
2010-05-27,21,DE,00+,0
2010-05-28,22,DE,00+,0
2010-05-31,22,DE,00+,0
2010-06-01,22,DE,00+,0
2010-06-02,22,DE,00+,0
2010-06-03,22,DE,00+,0
2010-06-04,23,DE,00+,0
2010-06-05,23,DE,00+,0
2010-06-07,23,DE,00+,0
2010-06-08,23,DE,00+,0
2010-06-09,23,DE,00+,0
2010-06-10,23,DE,00+,0
2010-06-11,24,DE,00+,0
2010-06-12,24,DE,00+,0
2010-06-14,24,DE,00+,0
2010-06-15,24,DE,00+,0
2010-06-16,24,DE,00+,0
2010-06-17,24,DE,00+,0
2010-06-18,25,DE,00+,0
2010-06-21,25,DE,00+,0
2010-06-22,25,DE,00+,0
2010-06-23,25,DE,00+,0
2010-06-24,25,DE,00+,0
2010-06-25,26,DE,00+,0
2010-06-26,26,DE,00+,0
2010-06-28,26,DE,00+,0
2010-06-29,26,DE,00+,0
2010-06-30,26,DE,00+,0
2010-07-01,26,DE,00+,0
2010-07-02,27,DE,00+,0
2010-07-03,27,DE,00+,0
2010-07-05,27,DE,00+,0
2010-07-06,27,DE,00+,0
2010-07-07,27,DE,00+,0
2010-07-08,27,DE,00+,0
2010-07-09,28,DE,00+,0
2010-07-11,28,DE,00+,0
2010-07-12,28,DE,00+,0
2010-07-13,28,DE,00+,0
2010-07-14,28,DE,00+,0
2010-07-15,28,DE,00+,0
2010-07-16,29,DE,00+,0
2010-07-19,29,DE,00+,0
2010-07-20,29,DE,00+,0
2010-07-21,29,DE,00+,0
2010-07-22,29,DE,00+,0
2010-07-23,30,DE,00+,0
2010-07-24,30,DE,00+,0
2010-07-26,30,DE,00+,0
2010-07-27,30,DE,00+,0
2010-07-28,30,DE,00+,0
2010-07-29,30,DE,00+,0
2010-07-30,31,DE,00+,0
2010-07-31,31,DE,00+,0
2010-08-02,31,DE,00+,0
2010-08-03,31,DE,00+,0
2010-08-04,31,DE,00+,0
2010-08-05,31,DE,00+,0
2010-08-06,32,DE,00+,0
2010-08-07,32,DE,00+,0
2010-08-08,32,DE,00+,0
2010-08-10,32,DE,00+,0
2010-08-11,32,DE,00+,0
2010-08-12,32,DE,00+,0
2010-08-13,33,DE,00+,0
2010-08-16,33,DE,00+,0
2010-08-17,33,DE,00+,0
2010-08-18,33,DE,00+,0
2010-08-19,33,DE,00+,0
2010-08-20,34,DE,00+,0
2010-08-21,34,DE,00+,0
2010-08-23,34,DE,00+,0
2010-08-24,34,DE,00+,0
2010-08-25,34,DE,00+,0
2010-08-26,34,DE,00+,0
2010-08-27,35,DE,00+,0
2010-08-28,35,DE,00+,0
2010-08-30,35,DE,00+,0
2010-08-31,35,DE,00+,0
2010-09-01,35,DE,00+,0
2010-09-02,35,DE,00+,0
2010-09-03,36,DE,00+,0
2010-09-06,36,DE,00+,0
2010-09-07,36,DE,00+,0
2010-09-08,36,DE,00+,0
2010-09-09,36,DE,00+,0
2010-09-10,37,DE,00+,0
2010-09-11,37,DE,00+,0
2010-09-13,37,DE,00+,0
2010-09-14,37,DE,00+,0
2010-09-15,37,DE,00+,0
2010-09-16,37,DE,00+,0
2010-09-17,38,DE,00+,0
2010-09-18,38,DE,00+,0
2010-09-20,38,DE,00+,1
2010-09-21,38,DE,00+,0
2010-09-22,38,DE,00+,0
2010-09-23,38,DE,00+,1
2010-09-24,39,DE,00+,0
2010-09-27,39,DE,00+,0
2010-09-28,39,DE,00+,0
2010-09-29,39,DE,00+,0
2010-09-30,39,DE,00+,0
2010-10-01,40,DE,00+,0
2010-10-02,40,DE,00+,0
2010-10-04,40,DE,00+,0
2010-10-05,40,DE,00+,0
2010-10-06,40,DE,00+,0
2010-10-07,40,DE,00+,0
2010-10-08,41,DE,00+,0
2010-10-09,41,DE,00+,0
2010-10-11,41,DE,00+,0
2010-10-12,41,DE,00+,0
2010-10-13,41,DE,00+,0
2010-10-14,41,DE,00+,0
2010-10-15,42,DE,00+,0
2010-10-18,42,DE,00+,0
2010-10-19,42,DE,00+,0
2010-10-20,42,DE,00+,0
2010-10-21,42,DE,00+,0
2010-10-22,43,DE,00+,0
2010-10-23,43,DE,00+,0
2010-10-25,43,DE,00+,0
2010-10-26,43,DE,00+,0
2010-10-27,43,DE,00+,0
2010-10-28,43,DE,00+,0
2010-10-29,44,DE,00+,0
2010-10-30,44,DE,00+,0
2010-10-31,44,DE,00+,0
2010-11-01,44,DE,00+,0
2010-11-02,44,DE,00+,0
2010-11-03,44,DE,00+,0
2010-11-04,44,DE,00+,0
2010-11-05,45,DE,00+,0
2010-11-06,45,DE,00+,0
2010-11-07,45,DE,00+,0
2010-11-08,45,DE,00+,0
2010-11-09,45,DE,00+,0
2010-11-10,45,DE,00+,0
2010-11-11,45,DE,00+,0
2010-11-12,46,DE,00+,0
2010-11-14,46,DE,00+,0
2010-11-15,46,DE,00+,0
2010-11-16,46,DE,00+,0
2010-11-17,46,DE,00+,0
2010-11-18,46,DE,00+,0
2010-11-19,47,DE,00+,0
2010-11-21,47,DE,00+,0
2010-11-22,47,DE,00+,0
2010-11-23,47,DE,00+,0
2010-11-24,47,DE,00+,0
2010-11-25,47,DE,00+,0
2010-11-26,48,DE,00+,0
2010-11-27,48,DE,00+,0
2010-11-29,48,DE,00+,0
2010-11-30,48,DE,00+,0
2010-12-01,48,DE,00+,0
2010-12-02,48,DE,00+,0
2010-12-03,49,DE,00+,0
2010-12-05,49,DE,00+,0
2010-12-06,49,DE,00+,0
2010-12-07,49,DE,00+,1
2010-12-08,49,DE,00+,0
2010-12-09,49,DE,00+,2
2010-12-10,50,DE,00+,0
2010-12-11,50,DE,00+,0
2010-12-12,50,DE,00+,0
2010-12-13,50,DE,00+,0
2010-12-14,50,DE,00+,2
2010-12-15,50,DE,00+,0
2010-12-16,50,DE,00+,0
2010-12-17,51,DE,00+,0
2010-12-18,51,DE,00+,0
2010-12-19,51,DE,00+,0
2010-12-20,51,DE,00+,0
2010-12-21,51,DE,00+,1
2010-12-22,51,DE,00+,0
2010-12-23,51,DE,00+,0
2010-12-24,52,DE,00+,0
2010-12-25,52,DE,00+,0
2010-12-26,52,DE,00+,0
2010-12-27,52,DE,00+,0
2010-12-28,52,DE,00+,0
2010-12-29,52,DE,00+,3
2010-12-30,52,DE,00+,0
2010-12-31,53,DE,00+,0
2011-01-01,1,DE,00+,0
2011-01-02,1,DE,00+,0
2011-01-03,1,DE,00+,0
2011-01-04,1,DE,00+,0
2011-01-05,1,DE,00+,0
2011-01-06,1,DE,00+,1
2011-01-07,1,DE,00+,4
2011-01-08,2,DE,00+,0
2011-01-09,2,DE,00+,0
2011-01-10,2,DE,00+,3
2011-01-11,2,DE,00+,3
2011-01-12,2,DE,00+,0
2011-01-13,2,DE,00+,1
2011-01-14,2,DE,00+,0
2011-01-15,3,DE,00+,0
2011-01-16,3,DE,00+,0
2011-01-17,3,DE,00+,1
2011-01-18,3,DE,00+,2
2011-01-19,3,DE,00+,3
2011-01-20,3,DE,00+,0
2011-01-21,3,DE,00+,0
2011-01-22,4,DE,00+,0
2011-01-23,4,DE,00+,0
2011-01-24,4,DE,00+,1
2011-01-25,4,DE,00+,1
2011-01-26,4,DE,00+,0
2011-01-27,4,DE,00+,1
2011-01-28,4,DE,00+,0
2011-01-29,5,DE,00+,0
2011-01-30,5,DE,00+,0
2011-01-31,5,DE,00+,2
2011-02-01,5,DE,00+,3
2011-02-02,5,DE,00+,0
2011-02-03,5,DE,00+,0
2011-02-04,5,DE,00+,1
2011-02-05,6,DE,00+,0
2011-02-06,6,DE,00+,0
2011-02-07,6,DE,00+,2
2011-02-08,6,DE,00+,1
2011-02-09,6,DE,00+,0
2011-02-10,6,DE,00+,0
2011-02-11,6,DE,00+,2
2011-02-12,7,DE,00+,0
2011-02-13,7,DE,00+,0
2011-02-14,7,DE,00+,0
2011-02-15,7,DE,00+,0
2011-02-16,7,DE,00+,5
2011-02-17,7,DE,00+,1
2011-02-18,7,DE,00+,4
2011-02-19,8,DE,00+,0
2011-02-21,8,DE,00+,1
2011-02-22,8,DE,00+,0
2011-02-23,8,DE,00+,1
2011-02-24,8,DE,00+,0
2011-02-25,8,DE,00+,0
2011-02-26,9,DE,00+,0
2011-02-27,9,DE,00+,0
2011-02-28,9,DE,00+,2
2011-03-01,9,DE,00+,0
2011-03-02,9,DE,00+,0
2011-03-03,9,DE,00+,0
2011-03-04,9,DE,00+,0
2011-03-05,10,DE,00+,0
2011-03-07,10,DE,00+,0
2011-03-08,10,DE,00+,2
2011-03-09,10,DE,00+,2
2011-03-10,10,DE,00+,0
2011-03-11,10,DE,00+,0
2011-03-12,11,DE,00+,0
2011-03-13,11,DE,00+,0
2011-03-14,11,DE,00+,0
2011-03-15,11,DE,00+,0
2011-03-16,11,DE,00+,0
2011-03-17,11,DE,00+,0
2011-03-18,11,DE,00+,0
2011-03-19,12,DE,00+,0
2011-03-21,12,DE,00+,1
2011-03-22,12,DE,00+,0
2011-03-23,12,DE,00+,0
2011-03-24,12,DE,00+,0
2011-03-25,12,DE,00+,0
2011-03-26,13,DE,00+,0
2011-03-27,13,DE,00+,0
2011-03-28,13,DE,00+,0
2011-03-29,13,DE,00+,0
2011-03-30,13,DE,00+,1
2011-03-31,13,DE,00+,0
2011-04-01,13,DE,00+,0
2011-04-03,14,DE,00+,0
2011-04-04,14,DE,00+,0
2011-04-05,14,DE,00+,0
2011-04-06,14,DE,00+,0
2011-04-07,14,DE,00+,1
2011-04-08,14,DE,00+,0
2011-04-09,15,DE,00+,0
2011-04-11,15,DE,00+,0
2011-04-12,15,DE,00+,0
2011-04-13,15,DE,00+,0
2011-04-14,15,DE,00+,0
2011-04-15,15,DE,00+,1
2011-04-16,16,DE,00+,0
2011-04-18,16,DE,00+,1
2011-04-19,16,DE,00+,0
2011-04-20,16,DE,00+,0
2011-04-21,16,DE,00+,0
2011-04-23,17,DE,00+,0
2011-04-26,17,DE,00+,0
2011-04-27,17,DE,00+,0
2011-04-28,17,DE,00+,0
2011-04-29,17,DE,00+,0
2011-04-30,18,DE,00+,0
2011-05-02,18,DE,00+,0
2011-05-03,18,DE,00+,0
2011-05-04,18,DE,00+,0
2011-05-05,18,DE,00+,0
2011-05-06,18,DE,00+,0
2011-05-07,19,DE,00+,0
2011-05-09,19,DE,00+,0
2011-05-10,19,DE,00+,0
2011-05-11,19,DE,00+,0
2011-05-12,19,DE,00+,0
2011-05-13,19,DE,00+,0
2011-05-16,20,DE,00+,0
2011-05-17,20,DE,00+,0
2011-05-18,20,DE,00+,0
2011-05-19,20,DE,00+,0
2011-05-20,20,DE,00+,0
2011-05-21,21,DE,00+,0
2011-05-22,21,DE,00+,0
2011-05-23,21,DE,00+,0
2011-05-24,21,DE,00+,0
2011-05-25,21,DE,00+,0
2011-05-26,21,DE,00+,0
2011-05-27,21,DE,00+,0
2011-05-30,22,DE,00+,0
2011-05-31,22,DE,00+,0
2011-06-01,22,DE,00+,0
2011-06-02,22,DE,00+,0
2011-06-03,22,DE,00+,0
2011-06-04,23,DE,00+,0
2011-06-06,23,DE,00+,0
2011-06-07,23,DE,00+,0
2011-06-08,23,DE,00+,0
2011-06-09,23,DE,00+,0
2011-06-10,23,DE,00+,0
2011-06-14,24,DE,00+,0
2011-06-15,24,DE,00+,0
2011-06-16,24,DE,00+,0
2011-06-17,24,DE,00+,0
2011-06-20,25,DE,00+,0
2011-06-21,25,DE,00+,0
2011-06-22,25,DE,00+,0
2011-06-24,25,DE,00+,0
2011-06-25,26,DE,00+,0
2011-06-27,26,DE,00+,0
2011-06-28,26,DE,00+,0
2011-06-29,26,DE,00+,0
2011-07-01,26,DE,00+,0
2011-07-04,27,DE,00+,0
2011-07-05,27,DE,00+,0
2011-07-06,27,DE,00+,0
2011-07-07,27,DE,00+,0
2011-07-08,27,DE,00+,0
2011-07-09,28,DE,00+,0
2011-07-11,28,DE,00+,0
2011-07-12,28,DE,00+,0
2011-07-13,28,DE,00+,0
2011-07-14,28,DE,00+,0
2011-07-15,28,DE,00+,0
2011-07-16,29,DE,00+,0
2011-07-18,29,DE,00+,0
2011-07-19,29,DE,00+,0
2011-07-20,29,DE,00+,0
2011-07-21,29,DE,00+,0
2011-07-22,29,DE,00+,0
2011-07-23,30,DE,00+,0
2011-07-25,30,DE,00+,0
2011-07-26,30,DE,00+,0
2011-07-27,30,DE,00+,0
2011-07-28,30,DE,00+,0
2011-07-29,30,DE,00+,0
2011-08-01,31,DE,00+,0
2011-08-02,31,DE,00+,0
2011-08-03,31,DE,00+,0
2011-08-04,31,DE,00+,0
2011-08-05,31,DE,00+,0
2011-08-08,32,DE,00+,0
2011-08-09,32,DE,00+,0
2011-08-10,32,DE,00+,0
2011-08-11,32,DE,00+,0
2011-08-12,32,DE,00+,0
2011-08-13,33,DE,00+,0
2011-08-15,33,DE,00+,0
2011-08-16,33,DE,00+,0
2011-08-17,33,DE,00+,0
2011-08-18,33,DE,00+,0
2011-08-19,33,DE,00+,0
2011-08-20,34,DE,00+,0
2011-08-22,34,DE,00+,0
2011-08-23,34,DE,00+,0
2011-08-24,34,DE,00+,0
2011-08-25,34,DE,00+,0
2011-08-26,34,DE,00+,0
2011-08-27,35,DE,00+,0
2011-08-29,35,DE,00+,0
2011-08-30,35,DE,00+,0
2011-08-31,35,DE,00+,0
2011-09-01,35,DE,00+,0
2011-09-02,35,DE,00+,0
2011-09-03,36,DE,00+,0
2011-09-04,36,DE,00+,0
2011-09-05,36,DE,00+,0
2011-09-06,36,DE,00+,0
2011-09-07,36,DE,00+,0
2011-09-08,36,DE,00+,0
2011-09-09,36,DE,00+,0
2011-09-10,37,DE,00+,0
2011-09-12,37,DE,00+,0
2011-09-14,37,DE,00+,0
2011-09-15,37,DE,00+,0
2011-09-16,37,DE,00+,0
2011-09-17,38,DE,00+,0
2011-09-19,38,DE,00+,0
2011-09-20,38,DE,00+,0
2011-09-21,38,DE,00+,0
2011-09-22,38,DE,00+,0
2011-09-23,38,DE,00+,0
2011-09-24,39,DE,00+,0
2011-09-26,39,DE,00+,0
2011-09-27,39,DE,00+,0
2011-09-28,39,DE,00+,0
2011-09-29,39,DE,00+,0
2011-09-30,39,DE,00+,0
2011-10-01,40,DE,00+,0
2011-10-04,40,DE,00+,0
2011-10-05,40,DE,00+,0
2011-10-06,40,DE,00+,0
2011-10-07,40,DE,00+,0
2011-10-08,41,DE,00+,0
2011-10-09,41,DE,00+,0
2011-10-10,41,DE,00+,0
2011-10-11,41,DE,00+,0
2011-10-12,41,DE,00+,0
2011-10-13,41,DE,00+,0
2011-10-14,41,DE,00+,0
2011-10-15,42,DE,00+,0
2011-10-16,42,DE,00+,0
2011-10-17,42,DE,00+,0
2011-10-18,42,DE,00+,0
2011-10-19,42,DE,00+,0
2011-10-20,42,DE,00+,0
2011-10-21,42,DE,00+,0
2011-10-24,43,DE,00+,0
2011-10-25,43,DE,00+,0
2011-10-26,43,DE,00+,0
2011-10-27,43,DE,00+,0
2011-10-28,43,DE,00+,0
2011-10-29,44,DE,00+,0
2011-10-30,44,DE,00+,0
2011-10-31,44,DE,00+,0
2011-11-01,44,DE,00+,0
2011-11-02,44,DE,00+,0
2011-11-03,44,DE,00+,0
2011-11-04,44,DE,00+,0
2011-11-05,45,DE,00+,0
2011-11-07,45,DE,00+,0
2011-11-08,45,DE,00+,0
2011-11-09,45,DE,00+,0
2011-11-10,45,DE,00+,0
2011-11-11,45,DE,00+,0
2011-11-14,46,DE,00+,0
2011-11-15,46,DE,00+,0
2011-11-16,46,DE,00+,0
2011-11-17,46,DE,00+,0
2011-11-18,46,DE,00+,0
2011-11-19,47,DE,00+,0
2011-11-21,47,DE,00+,0
2011-11-22,47,DE,00+,0
2011-11-23,47,DE,00+,0
2011-11-24,47,DE,00+,0
2011-11-25,47,DE,00+,0
2011-11-28,48,DE,00+,0
2011-11-29,48,DE,00+,0
2011-11-30,48,DE,00+,0
2011-12-01,48,DE,00+,0
2011-12-02,48,DE,00+,0
2011-12-03,49,DE,00+,0
2011-12-04,49,DE,00+,0
2011-12-05,49,DE,00+,0
2011-12-06,49,DE,00+,0
2011-12-07,49,DE,00+,0
2011-12-08,49,DE,00+,0
2011-12-09,49,DE,00+,0
2011-12-10,50,DE,00+,0
2011-12-12,50,DE,00+,0
2011-12-13,50,DE,00+,1
2011-12-14,50,DE,00+,0
2011-12-15,50,DE,00+,0
2011-12-16,50,DE,00+,0
2011-12-17,51,DE,00+,0
2011-12-19,51,DE,00+,0
2011-12-20,51,DE,00+,0
2011-12-21,51,DE,00+,0
2011-12-22,51,DE,00+,0
2011-12-23,51,DE,00+,0
2011-12-24,52,DE,00+,0
2011-12-25,52,DE,00+,0
2011-12-27,52,DE,00+,0
2011-12-28,52,DE,00+,0
2011-12-29,52,DE,00+,0
2011-12-30,52,DE,00+,0
2011-12-31,53,DE,00+,0
2012-01-01,1,DE,00+,1
2012-01-02,1,DE,00+,0
2012-01-03,1,DE,00+,0
2012-01-04,1,DE,00+,0
2012-01-05,1,DE,00+,0
2012-01-06,1,DE,00+,0
2012-01-07,1,DE,00+,0
2012-01-08,2,DE,00+,0
2012-01-09,2,DE,00+,0
2012-01-10,2,DE,00+,0
2012-01-11,2,DE,00+,0
2012-01-12,2,DE,00+,0
2012-01-13,2,DE,00+,0
2012-01-14,2,DE,00+,0
2012-01-16,3,DE,00+,0
2012-01-17,3,DE,00+,0
2012-01-18,3,DE,00+,1
2012-01-19,3,DE,00+,0
2012-01-20,3,DE,00+,0
2012-01-21,3,DE,00+,0
2012-01-22,4,DE,00+,0
2012-01-23,4,DE,00+,0
2012-01-24,4,DE,00+,0
2012-01-25,4,DE,00+,0
2012-01-26,4,DE,00+,2
2012-01-27,4,DE,00+,0
2012-01-28,4,DE,00+,0
2012-01-29,5,DE,00+,0
2012-01-30,5,DE,00+,2
2012-01-31,5,DE,00+,1
2012-02-01,5,DE,00+,1
2012-02-02,5,DE,00+,0
2012-02-03,5,DE,00+,1
2012-02-04,5,DE,00+,0
2012-02-06,6,DE,00+,0
2012-02-07,6,DE,00+,1
2012-02-08,6,DE,00+,1
2012-02-09,6,DE,00+,0
2012-02-10,6,DE,00+,1
2012-02-11,6,DE,00+,1
2012-02-12,7,DE,00+,0
2012-02-13,7,DE,00+,1
2012-02-14,7,DE,00+,1
2012-02-15,7,DE,00+,4
2012-02-16,7,DE,00+,2
2012-02-17,7,DE,00+,0
2012-02-18,7,DE,00+,1
2012-02-19,8,DE,00+,0
2012-02-20,8,DE,00+,2
2012-02-21,8,DE,00+,5
2012-02-22,8,DE,00+,5
2012-02-23,8,DE,00+,2
2012-02-24,8,DE,00+,4
2012-02-25,8,DE,00+,2
2012-02-26,9,DE,00+,0
2012-02-27,9,DE,00+,5
2012-02-28,9,DE,00+,2
2012-02-29,9,DE,00+,12
2012-03-01,9,DE,00+,1
2012-03-02,9,DE,00+,5
2012-03-03,9,DE,00+,0
2012-03-04,10,DE,00+,0
2012-03-05,10,DE,00+,12
2012-03-06,10,DE,00+,7
2012-03-07,10,DE,00+,6
2012-03-08,10,DE,00+,2
2012-03-09,10,DE,00+,1
2012-03-10,10,DE,00+,0
2012-03-11,11,DE,00+,0
2012-03-12,11,DE,00+,1
2012-03-13,11,DE,00+,5
2012-03-14,11,DE,00+,4
2012-03-15,11,DE,00+,1
2012-03-16,11,DE,00+,5
2012-03-17,11,DE,00+,0
2012-03-19,12,DE,00+,5
2012-03-20,12,DE,00+,5
2012-03-21,12,DE,00+,1
2012-03-22,12,DE,00+,2
2012-03-23,12,DE,00+,0
2012-03-24,12,DE,00+,0
2012-03-25,13,DE,00+,0
2012-03-26,13,DE,00+,2
2012-03-27,13,DE,00+,3
2012-03-28,13,DE,00+,6
2012-03-29,13,DE,00+,2
2012-03-30,13,DE,00+,2
2012-03-31,13,DE,00+,0
2012-04-02,14,DE,00+,4
2012-04-03,14,DE,00+,3
2012-04-04,14,DE,00+,1
2012-04-05,14,DE,00+,2
2012-04-06,14,DE,00+,0
2012-04-07,14,DE,00+,0
2012-04-08,15,DE,00+,0
2012-04-09,15,DE,00+,0
2012-04-10,15,DE,00+,0
2012-04-11,15,DE,00+,1
2012-04-12,15,DE,00+,2
2012-04-13,15,DE,00+,1
2012-04-14,15,DE,00+,0
2012-04-15,16,DE,00+,0
2012-04-16,16,DE,00+,0
2012-04-17,16,DE,00+,0
2012-04-18,16,DE,00+,1
2012-04-19,16,DE,00+,2
2012-04-20,16,DE,00+,0
2012-04-21,16,DE,00+,0
2012-04-22,17,DE,00+,0
2012-04-23,17,DE,00+,1
2012-04-24,17,DE,00+,0
2012-04-25,17,DE,00+,0
2012-04-26,17,DE,00+,1
2012-04-27,17,DE,00+,1
2012-04-28,17,DE,00+,0
2012-04-29,18,DE,00+,0
2012-04-30,18,DE,00+,0
2012-05-01,18,DE,00+,0
2012-05-02,18,DE,00+,0
2012-05-03,18,DE,00+,1
2012-05-04,18,DE,00+,0
2012-05-07,19,DE,00+,0
2012-05-08,19,DE,00+,0
2012-05-09,19,DE,00+,0
2012-05-10,19,DE,00+,0
2012-05-11,19,DE,00+,0
2012-05-12,19,DE,00+,0
2012-05-13,20,DE,00+,0
2012-05-14,20,DE,00+,1
2012-05-15,20,DE,00+,0
2012-05-16,20,DE,00+,1
2012-05-17,20,DE,00+,0
2012-05-18,20,DE,00+,0
2012-05-19,20,DE,00+,0
2012-05-20,21,DE,00+,0
2012-05-21,21,DE,00+,0
2012-05-22,21,DE,00+,0
2012-05-23,21,DE,00+,1
2012-05-24,21,DE,00+,0
2012-05-25,21,DE,00+,0
2012-05-26,21,DE,00+,0
2012-05-28,22,DE,00+,0
2012-05-29,22,DE,00+,0
2012-05-30,22,DE,00+,0
2012-05-31,22,DE,00+,0
2012-06-01,22,DE,00+,0
2012-06-02,22,DE,00+,0
2012-06-03,23,DE,00+,0
2012-06-04,23,DE,00+,0
2012-06-05,23,DE,00+,0
2012-06-06,23,DE,00+,0
2012-06-07,23,DE,00+,0
2012-06-08,23,DE,00+,0
2012-06-11,24,DE,00+,0
2012-06-12,24,DE,00+,0
2012-06-13,24,DE,00+,0
2012-06-14,24,DE,00+,0
2012-06-15,24,DE,00+,0
2012-06-16,24,DE,00+,0
2012-06-17,25,DE,00+,0
2012-06-18,25,DE,00+,0
2012-06-19,25,DE,00+,0
2012-06-20,25,DE,00+,0
2012-06-21,25,DE,00+,0
2012-06-22,25,DE,00+,0
2012-06-23,25,DE,00+,0
2012-06-24,26,DE,00+,0
2012-06-25,26,DE,00+,0
2012-06-26,26,DE,00+,0
2012-06-27,26,DE,00+,0
2012-06-28,26,DE,00+,0
2012-06-29,26,DE,00+,0
2012-06-30,26,DE,00+,0
2012-07-02,27,DE,00+,0
2012-07-03,27,DE,00+,0
2012-07-04,27,DE,00+,0
2012-07-05,27,DE,00+,0
2012-07-06,27,DE,00+,0
2012-07-07,27,DE,00+,0
2012-07-08,28,DE,00+,0
2012-07-09,28,DE,00+,0
2012-07-10,28,DE,00+,0
2012-07-11,28,DE,00+,0
2012-07-12,28,DE,00+,0
2012-07-13,28,DE,00+,0
2012-07-16,29,DE,00+,0
2012-07-17,29,DE,00+,0
2012-07-18,29,DE,00+,0
2012-07-19,29,DE,00+,0
2012-07-20,29,DE,00+,0
2012-07-21,29,DE,00+,0
2012-07-23,30,DE,00+,0
2012-07-24,30,DE,00+,0
2012-07-25,30,DE,00+,0
2012-07-26,30,DE,00+,0
2012-07-27,30,DE,00+,0
2012-07-30,31,DE,00+,0
2012-07-31,31,DE,00+,0
2012-08-01,31,DE,00+,0
2012-08-02,31,DE,00+,0
2012-08-03,31,DE,00+,0
2012-08-04,31,DE,00+,0
2012-08-06,32,DE,00+,0
2012-08-07,32,DE,00+,0
2012-08-08,32,DE,00+,0
2012-08-09,32,DE,00+,0
2012-08-10,32,DE,00+,0
2012-08-12,33,DE,00+,0
2012-08-13,33,DE,00+,0
2012-08-14,33,DE,00+,0
2012-08-15,33,DE,00+,0
2012-08-16,33,DE,00+,0
2012-08-17,33,DE,00+,0
2012-08-20,34,DE,00+,0
2012-08-21,34,DE,00+,0
2012-08-22,34,DE,00+,0
2012-08-23,34,DE,00+,0
2012-08-24,34,DE,00+,0
2012-08-27,35,DE,00+,0
2012-08-28,35,DE,00+,0
2012-08-29,35,DE,00+,0
2012-08-30,35,DE,00+,0
2012-08-31,35,DE,00+,0
2012-09-01,35,DE,00+,0
2012-09-02,36,DE,00+,0
2012-09-03,36,DE,00+,1
2012-09-04,36,DE,00+,0
2012-09-05,36,DE,00+,1
2012-09-06,36,DE,00+,0
2012-09-07,36,DE,00+,0
2012-09-08,36,DE,00+,0
2012-09-10,37,DE,00+,0
2012-09-11,37,DE,00+,0
2012-09-12,37,DE,00+,0
2012-09-13,37,DE,00+,0
2012-09-14,37,DE,00+,0
2012-09-15,37,DE,00+,0
2012-09-17,38,DE,00+,0
2012-09-18,38,DE,00+,0
2012-09-19,38,DE,00+,0
2012-09-20,38,DE,00+,0
2012-09-21,38,DE,00+,0
2012-09-22,38,DE,00+,0
2012-09-24,39,DE,00+,0
2012-09-25,39,DE,00+,0
2012-09-26,39,DE,00+,0
2012-09-27,39,DE,00+,0
2012-09-28,39,DE,00+,0
2012-09-29,39,DE,00+,0
2012-10-01,40,DE,00+,0
2012-10-02,40,DE,00+,0
2012-10-03,40,DE,00+,0
2012-10-04,40,DE,00+,0
2012-10-05,40,DE,00+,0
2012-10-06,40,DE,00+,0
2012-10-07,41,DE,00+,0
2012-10-08,41,DE,00+,0
2012-10-09,41,DE,00+,0
2012-10-10,41,DE,00+,0
2012-10-11,41,DE,00+,0
2012-10-12,41,DE,00+,0
2012-10-13,41,DE,00+,0
2012-10-14,42,DE,00+,0
2012-10-15,42,DE,00+,0
2012-10-16,42,DE,00+,0
2012-10-17,42,DE,00+,0
2012-10-18,42,DE,00+,0
2012-10-19,42,DE,00+,0
2012-10-20,42,DE,00+,0
2012-10-22,43,DE,00+,0
2012-10-23,43,DE,00+,0
2012-10-24,43,DE,00+,0
2012-10-25,43,DE,00+,0
2012-10-26,43,DE,00+,0
2012-10-28,44,DE,00+,0
2012-10-29,44,DE,00+,0
2012-10-30,44,DE,00+,0
2012-10-31,44,DE,00+,1
2012-11-01,44,DE,00+,0
2012-11-02,44,DE,00+,0
2012-11-03,44,DE,00+,0
2012-11-04,45,DE,00+,0
2012-11-05,45,DE,00+,0
2012-11-06,45,DE,00+,0
2012-11-07,45,DE,00+,0
2012-11-08,45,DE,00+,1
2012-11-09,45,DE,00+,0
2012-11-10,45,DE,00+,0
2012-11-11,46,DE,00+,0
2012-11-12,46,DE,00+,0
2012-11-13,46,DE,00+,1
2012-11-14,46,DE,00+,1
2012-11-15,46,DE,00+,1
2012-11-16,46,DE,00+,1
2012-11-17,46,DE,00+,0
2012-11-19,47,DE,00+,1
2012-11-20,47,DE,00+,2
2012-11-21,47,DE,00+,0
2012-11-22,47,DE,00+,0
2012-11-23,47,DE,00+,0
2012-11-24,47,DE,00+,0
2012-11-25,48,DE,00+,0
2012-11-26,48,DE,00+,0
2012-11-27,48,DE,00+,0
2012-11-28,48,DE,00+,0
2012-11-29,48,DE,00+,1
2012-11-30,48,DE,00+,0
2012-12-01,48,DE,00+,0
2012-12-03,49,DE,00+,0
2012-12-04,49,DE,00+,0
2012-12-05,49,DE,00+,0
2012-12-06,49,DE,00+,1
2012-12-07,49,DE,00+,1
2012-12-08,49,DE,00+,0
2012-12-09,50,DE,00+,0
2012-12-10,50,DE,00+,0
2012-12-11,50,DE,00+,1
2012-12-12,50,DE,00+,0
2012-12-13,50,DE,00+,0
2012-12-14,50,DE,00+,0
2012-12-15,50,DE,00+,0
2012-12-17,51,DE,00+,0
2012-12-18,51,DE,00+,3
2012-12-19,51,DE,00+,3
2012-12-20,51,DE,00+,3
2012-12-21,51,DE,00+,1
2012-12-22,51,DE,00+,1
2012-12-23,52,DE,00+,0
2012-12-24,52,DE,00+,1
2012-12-25,52,DE,00+,0
2012-12-26,52,DE,00+,0
2012-12-27,52,DE,00+,1
2012-12-28,52,DE,00+,1
2012-12-29,52,DE,00+,0
2012-12-30,53,DE,00+,0
2012-12-31,53,DE,00+,0
2013-01-01,1,DE,00+,0
2013-01-02,1,DE,00+,2
2013-01-03,1,DE,00+,6
2013-01-04,1,DE,00+,1
2013-01-05,1,DE,00+,0
2013-01-06,1,DE,00+,0
2013-01-07,1,DE,00+,1
2013-01-08,2,DE,00+,5
2013-01-09,2,DE,00+,5
2013-01-10,2,DE,00+,2
2013-01-11,2,DE,00+,2
2013-01-12,2,DE,00+,0
2013-01-13,2,DE,00+,0
2013-01-14,2,DE,00+,3
2013-01-15,3,DE,00+,3
2013-01-16,3,DE,00+,2
2013-01-17,3,DE,00+,2
2013-01-18,3,DE,00+,1
2013-01-19,3,DE,00+,0
2013-01-20,3,DE,00+,0
2013-01-21,3,DE,00+,7
2013-01-22,4,DE,00+,4
2013-01-23,4,DE,00+,4
2013-01-24,4,DE,00+,7
2013-01-25,4,DE,00+,2
2013-01-26,4,DE,00+,0
2013-01-27,4,DE,00+,0
2013-01-28,4,DE,00+,11
2013-01-29,5,DE,00+,10
2013-01-30,5,DE,00+,6
2013-01-31,5,DE,00+,15
2013-02-01,5,DE,00+,11
2013-02-02,5,DE,00+,4
2013-02-03,5,DE,00+,0
2013-02-04,5,DE,00+,16
2013-02-05,6,DE,00+,14
2013-02-06,6,DE,00+,9
2013-02-07,6,DE,00+,14
2013-02-08,6,DE,00+,18
2013-02-09,6,DE,00+,15
2013-02-10,6,DE,00+,2
2013-02-11,6,DE,00+,11
2013-02-12,7,DE,00+,15
2013-02-13,7,DE,00+,16
2013-02-14,7,DE,00+,13
2013-02-15,7,DE,00+,11
2013-02-16,7,DE,00+,1
2013-02-17,7,DE,00+,1
2013-02-18,7,DE,00+,12
2013-02-19,8,DE,00+,10
2013-02-20,8,DE,00+,9
2013-02-21,8,DE,00+,25
2013-02-22,8,DE,00+,9
2013-02-23,8,DE,00+,1
2013-02-24,8,DE,00+,0
2013-02-25,8,DE,00+,22
2013-02-26,9,DE,00+,10
2013-02-27,9,DE,00+,13
2013-02-28,9,DE,00+,6
2013-03-01,9,DE,00+,18
2013-03-02,9,DE,00+,5
2013-03-03,9,DE,00+,0
2013-03-04,9,DE,00+,14
2013-03-05,10,DE,00+,5
2013-03-06,10,DE,00+,8
2013-03-07,10,DE,00+,10
2013-03-08,10,DE,00+,5
2013-03-09,10,DE,00+,0
2013-03-10,10,DE,00+,1
2013-03-11,10,DE,00+,15
2013-03-12,11,DE,00+,7
2013-03-13,11,DE,00+,4
2013-03-14,11,DE,00+,5
2013-03-15,11,DE,00+,6
2013-03-16,11,DE,00+,0
2013-03-17,11,DE,00+,0
2013-03-18,11,DE,00+,4
2013-03-19,12,DE,00+,3
2013-03-20,12,DE,00+,5
2013-03-21,12,DE,00+,4
2013-03-22,12,DE,00+,5
2013-03-23,12,DE,00+,0
2013-03-24,12,DE,00+,0
2013-03-25,12,DE,00+,5
2013-03-26,13,DE,00+,3
2013-03-27,13,DE,00+,4
2013-03-28,13,DE,00+,2
2013-03-29,13,DE,00+,0
2013-03-30,13,DE,00+,0
2013-04-01,13,DE,00+,1
2013-04-02,14,DE,00+,5
2013-04-03,14,DE,00+,5
2013-04-04,14,DE,00+,0
2013-04-05,14,DE,00+,0
2013-04-06,14,DE,00+,0
2013-04-07,14,DE,00+,0
2013-04-08,14,DE,00+,4
2013-04-09,15,DE,00+,1
2013-04-10,15,DE,00+,0
2013-04-11,15,DE,00+,2
2013-04-12,15,DE,00+,4
2013-04-13,15,DE,00+,0
2013-04-14,15,DE,00+,0
2013-04-15,15,DE,00+,1
2013-04-16,16,DE,00+,1
2013-04-17,16,DE,00+,0
2013-04-18,16,DE,00+,0
2013-04-19,16,DE,00+,3
2013-04-20,16,DE,00+,0
2013-04-21,16,DE,00+,0
2013-04-22,16,DE,00+,0
2013-04-23,17,DE,00+,2
2013-04-24,17,DE,00+,1
2013-04-25,17,DE,00+,0
2013-04-26,17,DE,00+,2
2013-04-27,17,DE,00+,0
2013-04-28,17,DE,00+,0
2013-04-29,17,DE,00+,1
2013-04-30,18,DE,00+,0
2013-05-01,18,DE,00+,0
2013-05-02,18,DE,00+,0
2013-05-03,18,DE,00+,0
2013-05-04,18,DE,00+,0
2013-05-05,18,DE,00+,0
2013-05-06,18,DE,00+,0
2013-05-07,19,DE,00+,0
2013-05-08,19,DE,00+,0
2013-05-09,19,DE,00+,0
2013-05-10,19,DE,00+,0
2013-05-11,19,DE,00+,0
2013-05-12,19,DE,00+,0
2013-05-13,19,DE,00+,1
2013-05-14,20,DE,00+,0
2013-05-15,20,DE,00+,0
2013-05-16,20,DE,00+,0
2013-05-17,20,DE,00+,0
2013-05-18,20,DE,00+,0
2013-05-19,20,DE,00+,0
2013-05-20,20,DE,00+,0
2013-05-21,21,DE,00+,0
2013-05-22,21,DE,00+,2
2013-05-23,21,DE,00+,0
2013-05-24,21,DE,00+,0
2013-05-25,21,DE,00+,0
2013-05-26,21,DE,00+,0
2013-05-27,21,DE,00+,0
2013-05-28,22,DE,00+,0
2013-05-29,22,DE,00+,0
2013-05-30,22,DE,00+,0
2013-05-31,22,DE,00+,0
2013-06-01,22,DE,00+,0
2013-06-02,22,DE,00+,0
2013-06-03,22,DE,00+,0
2013-06-04,23,DE,00+,0
2013-06-05,23,DE,00+,0
2013-06-06,23,DE,00+,0
2013-06-07,23,DE,00+,0
2013-06-08,23,DE,00+,0
2013-06-09,23,DE,00+,0
2013-06-10,23,DE,00+,0
2013-06-11,24,DE,00+,0
2013-06-12,24,DE,00+,0
2013-06-13,24,DE,00+,0
2013-06-14,24,DE,00+,0
2013-06-15,24,DE,00+,0
2013-06-17,24,DE,00+,0
2013-06-18,25,DE,00+,0
2013-06-19,25,DE,00+,0
2013-06-20,25,DE,00+,0
2013-06-21,25,DE,00+,0
2013-06-22,25,DE,00+,0
2013-06-23,25,DE,00+,0
2013-06-24,25,DE,00+,0
2013-06-25,26,DE,00+,0
2013-06-26,26,DE,00+,0
2013-06-27,26,DE,00+,0
2013-06-28,26,DE,00+,2
2013-06-29,26,DE,00+,0
2013-06-30,26,DE,00+,0
2013-07-01,26,DE,00+,2
2013-07-02,27,DE,00+,0
2013-07-03,27,DE,00+,0
2013-07-04,27,DE,00+,0
2013-07-05,27,DE,00+,0
2013-07-06,27,DE,00+,0
2013-07-07,27,DE,00+,0
2013-07-08,27,DE,00+,1
2013-07-09,28,DE,00+,0
2013-07-10,28,DE,00+,0
2013-07-11,28,DE,00+,0
2013-07-12,28,DE,00+,0
2013-07-14,28,DE,00+,0
2013-07-15,28,DE,00+,0
2013-07-16,29,DE,00+,0
2013-07-17,29,DE,00+,0
2013-07-18,29,DE,00+,0
2013-07-19,29,DE,00+,0
2013-07-20,29,DE,00+,0
2013-07-22,29,DE,00+,0
2013-07-23,30,DE,00+,0
2013-07-24,30,DE,00+,0
2013-07-25,30,DE,00+,0
2013-07-26,30,DE,00+,0
2013-07-27,30,DE,00+,0
2013-07-28,30,DE,00+,0
2013-07-29,30,DE,00+,0
2013-07-30,31,DE,00+,0
2013-07-31,31,DE,00+,0
2013-08-01,31,DE,00+,0
2013-08-02,31,DE,00+,0
2013-08-03,31,DE,00+,0
2013-08-04,31,DE,00+,0
2013-08-05,31,DE,00+,0
2013-08-06,32,DE,00+,0
2013-08-07,32,DE,00+,0
2013-08-08,32,DE,00+,0
2013-08-09,32,DE,00+,0
2013-08-10,32,DE,00+,0
2013-08-12,32,DE,00+,0
2013-08-13,33,DE,00+,0
2013-08-14,33,DE,00+,0
2013-08-15,33,DE,00+,0
2013-08-16,33,DE,00+,0
2013-08-17,33,DE,00+,0
2013-08-18,33,DE,00+,0
2013-08-19,33,DE,00+,0
2013-08-20,34,DE,00+,0
2013-08-21,34,DE,00+,0
2013-08-22,34,DE,00+,0
2013-08-23,34,DE,00+,0
2013-08-24,34,DE,00+,0
2013-08-25,34,DE,00+,0
2013-08-26,34,DE,00+,0
2013-08-27,35,DE,00+,0
2013-08-28,35,DE,00+,0
2013-08-29,35,DE,00+,0
2013-08-30,35,DE,00+,0
2013-08-31,35,DE,00+,0
2013-09-02,35,DE,00+,0
2013-09-03,36,DE,00+,0
2013-09-04,36,DE,00+,0
2013-09-05,36,DE,00+,0
2013-09-06,36,DE,00+,0
2013-09-07,36,DE,00+,0
2013-09-08,36,DE,00+,0
2013-09-09,36,DE,00+,0
2013-09-10,37,DE,00+,0
2013-09-11,37,DE,00+,0
2013-09-12,37,DE,00+,0
2013-09-13,37,DE,00+,0
2013-09-14,37,DE,00+,0
2013-09-15,37,DE,00+,0
2013-09-16,37,DE,00+,0
2013-09-17,38,DE,00+,0
2013-09-18,38,DE,00+,0
2013-09-19,38,DE,00+,0
2013-09-20,38,DE,00+,0
2013-09-21,38,DE,00+,0
2013-09-23,38,DE,00+,0
2013-09-24,39,DE,00+,0
2013-09-25,39,DE,00+,0
2013-09-26,39,DE,00+,0
2013-09-27,39,DE,00+,0
2013-09-28,39,DE,00+,0
2013-09-30,39,DE,00+,0
2013-10-01,40,DE,00+,0
2013-10-02,40,DE,00+,0
2013-10-03,40,DE,00+,0
2013-10-04,40,DE,00+,0
2013-10-05,40,DE,00+,0
2013-10-07,40,DE,00+,0
2013-10-08,41,DE,00+,0
2013-10-09,41,DE,00+,0
2013-10-10,41,DE,00+,0
2013-10-11,41,DE,00+,0
2013-10-13,41,DE,00+,0
2013-10-14,41,DE,00+,0
2013-10-15,42,DE,00+,0
2013-10-16,42,DE,00+,0
2013-10-17,42,DE,00+,0
2013-10-18,42,DE,00+,0
2013-10-19,42,DE,00+,0
2013-10-21,42,DE,00+,0
2013-10-22,43,DE,00+,0
2013-10-23,43,DE,00+,0
2013-10-24,43,DE,00+,0
2013-10-25,43,DE,00+,0
2013-10-26,43,DE,00+,0
2013-10-27,43,DE,00+,0
2013-10-28,43,DE,00+,0
2013-10-29,44,DE,00+,0
2013-10-30,44,DE,00+,0
2013-10-31,44,DE,00+,0
2013-11-01,44,DE,00+,0
2013-11-02,44,DE,00+,0
2013-11-04,44,DE,00+,0
2013-11-05,45,DE,00+,0
2013-11-06,45,DE,00+,0
2013-11-07,45,DE,00+,0
2013-11-08,45,DE,00+,0
2013-11-09,45,DE,00+,0
2013-11-10,45,DE,00+,0
2013-11-11,45,DE,00+,0
2013-11-12,46,DE,00+,0
2013-11-13,46,DE,00+,0
2013-11-14,46,DE,00+,1
2013-11-15,46,DE,00+,0
2013-11-16,46,DE,00+,0
2013-11-17,46,DE,00+,0
2013-11-18,46,DE,00+,0
2013-11-19,47,DE,00+,0
2013-11-20,47,DE,00+,0
2013-11-21,47,DE,00+,0
2013-11-22,47,DE,00+,0
2013-11-23,47,DE,00+,0
2013-11-25,47,DE,00+,0
2013-11-26,48,DE,00+,0
2013-11-27,48,DE,00+,1
2013-11-28,48,DE,00+,0
2013-11-29,48,DE,00+,0
2013-11-30,48,DE,00+,0
2013-12-01,48,DE,00+,0
2013-12-02,48,DE,00+,0
2013-12-03,49,DE,00+,0
2013-12-04,49,DE,00+,0
2013-12-05,49,DE,00+,0
2013-12-06,49,DE,00+,0
2013-12-07,49,DE,00+,0
2013-12-08,49,DE,00+,0
2013-12-09,49,DE,00+,0
2013-12-10,50,DE,00+,0
2013-12-11,50,DE,00+,0
2013-12-12,50,DE,00+,0
2013-12-13,50,DE,00+,0
2013-12-14,50,DE,00+,0
2013-12-15,50,DE,00+,0
2013-12-16,50,DE,00+,0
2013-12-17,51,DE,00+,0
2013-12-18,51,DE,00+,0
2013-12-19,51,DE,00+,0
2013-12-20,51,DE,00+,0
2013-12-21,51,DE,00+,0
2013-12-22,51,DE,00+,0
2013-12-23,51,DE,00+,0
2013-12-24,52,DE,00+,0
2013-12-25,52,DE,00+,0
2013-12-26,52,DE,00+,0
2013-12-27,52,DE,00+,0
2013-12-28,52,DE,00+,0
2013-12-29,52,DE,00+,0
2013-12-30,52,DE,00+,0
2013-12-31,53,DE,00+,0
2014-01-01,1,DE,00+,0
2014-01-02,1,DE,00+,2
2014-01-03,1,DE,00+,2
2014-01-04,1,DE,00+,0
2014-01-05,1,DE,00+,0
2014-01-06,1,DE,00+,0
2014-01-07,1,DE,00+,0
2014-01-08,2,DE,00+,0
2014-01-09,2,DE,00+,0
2014-01-10,2,DE,00+,0
2014-01-11,2,DE,00+,0
2014-01-12,2,DE,00+,0
2014-01-13,2,DE,00+,1
2014-01-14,2,DE,00+,2
2014-01-15,3,DE,00+,0
2014-01-16,3,DE,00+,0
2014-01-17,3,DE,00+,0
2014-01-18,3,DE,00+,0
2014-01-19,3,DE,00+,0
2014-01-20,3,DE,00+,5
2014-01-21,3,DE,00+,1
2014-01-22,4,DE,00+,0
2014-01-23,4,DE,00+,1
2014-01-24,4,DE,00+,1
2014-01-25,4,DE,00+,0
2014-01-26,4,DE,00+,0
2014-01-27,4,DE,00+,0
2014-01-28,4,DE,00+,1
2014-01-29,5,DE,00+,1
2014-01-30,5,DE,00+,1
2014-01-31,5,DE,00+,3
2014-02-01,5,DE,00+,1
2014-02-02,5,DE,00+,0
2014-02-03,5,DE,00+,2
2014-02-04,5,DE,00+,1
2014-02-05,6,DE,00+,2
2014-02-06,6,DE,00+,1
2014-02-07,6,DE,00+,2
2014-02-08,6,DE,00+,0
2014-02-09,6,DE,00+,0
2014-02-10,6,DE,00+,3
2014-02-11,6,DE,00+,5
2014-02-12,7,DE,00+,2
2014-02-13,7,DE,00+,3
2014-02-14,7,DE,00+,2
2014-02-15,7,DE,00+,0
2014-02-16,7,DE,00+,0
2014-02-17,7,DE,00+,3
2014-02-18,7,DE,00+,4
2014-02-19,8,DE,00+,2
2014-02-20,8,DE,00+,4
2014-02-21,8,DE,00+,3
2014-02-22,8,DE,00+,0
2014-02-23,8,DE,00+,0
2014-02-24,8,DE,00+,5
2014-02-25,8,DE,00+,2
2014-02-26,9,DE,00+,0
2014-02-27,9,DE,00+,2
2014-02-28,9,DE,00+,0
2014-03-01,9,DE,00+,2
2014-03-02,9,DE,00+,0
2014-03-03,9,DE,00+,1
2014-03-04,9,DE,00+,3
2014-03-05,10,DE,00+,1
2014-03-06,10,DE,00+,2
2014-03-07,10,DE,00+,4
2014-03-08,10,DE,00+,0
2014-03-09,10,DE,00+,0
2014-03-10,10,DE,00+,1
2014-03-11,10,DE,00+,2
2014-03-12,11,DE,00+,1
2014-03-13,11,DE,00+,0
2014-03-14,11,DE,00+,2
2014-03-15,11,DE,00+,0
2014-03-16,11,DE,00+,0
2014-03-17,11,DE,00+,4
2014-03-18,11,DE,00+,2
2014-03-19,12,DE,00+,3
2014-03-20,12,DE,00+,4
2014-03-21,12,DE,00+,1
2014-03-22,12,DE,00+,0
2014-03-23,12,DE,00+,0
2014-03-24,12,DE,00+,2
2014-03-25,12,DE,00+,4
2014-03-26,13,DE,00+,2
2014-03-27,13,DE,00+,2
2014-03-28,13,DE,00+,3
2014-03-29,13,DE,00+,3
2014-03-30,13,DE,00+,0
2014-03-31,13,DE,00+,4
2014-04-01,13,DE,00+,1
2014-04-02,14,DE,00+,0
2014-04-03,14,DE,00+,2
2014-04-04,14,DE,00+,3
2014-04-05,14,DE,00+,0
2014-04-06,14,DE,00+,0
2014-04-07,14,DE,00+,3
2014-04-08,14,DE,00+,3
2014-04-09,15,DE,00+,2
2014-04-10,15,DE,00+,4
2014-04-11,15,DE,00+,0
2014-04-12,15,DE,00+,1
2014-04-13,15,DE,00+,0
2014-04-14,15,DE,00+,4
2014-04-15,15,DE,00+,3
2014-04-16,16,DE,00+,4
2014-04-17,16,DE,00+,3
2014-04-18,16,DE,00+,0
2014-04-19,16,DE,00+,1
2014-04-21,16,DE,00+,0
2014-04-22,16,DE,00+,5
2014-04-23,17,DE,00+,2
2014-04-24,17,DE,00+,2
2014-04-25,17,DE,00+,1
2014-04-26,17,DE,00+,0
2014-04-27,17,DE,00+,0
2014-04-28,17,DE,00+,0
2014-04-29,17,DE,00+,0
2014-04-30,18,DE,00+,0
2014-05-01,18,DE,00+,0
2014-05-02,18,DE,00+,0
2014-05-03,18,DE,00+,0
2014-05-04,18,DE,00+,0
2014-05-05,18,DE,00+,2
2014-05-06,18,DE,00+,0
2014-05-07,19,DE,00+,0
2014-05-08,19,DE,00+,0
2014-05-09,19,DE,00+,0
2014-05-10,19,DE,00+,1
2014-05-11,19,DE,00+,0
2014-05-12,19,DE,00+,0
2014-05-13,19,DE,00+,0
2014-05-14,20,DE,00+,0
2014-05-15,20,DE,00+,0
2014-05-16,20,DE,00+,0
2014-05-17,20,DE,00+,0
2014-05-19,20,DE,00+,1
2014-05-20,20,DE,00+,0
2014-05-21,21,DE,00+,0
2014-05-22,21,DE,00+,0
2014-05-23,21,DE,00+,0
2014-05-24,21,DE,00+,0
2014-05-26,21,DE,00+,0
2014-05-27,21,DE,00+,1
2014-05-28,22,DE,00+,0
2014-05-29,22,DE,00+,0
2014-05-30,22,DE,00+,0
2014-05-31,22,DE,00+,0
2014-06-01,22,DE,00+,0
2014-06-02,22,DE,00+,0
2014-06-03,22,DE,00+,0
2014-06-04,23,DE,00+,0
2014-06-05,23,DE,00+,0
2014-06-06,23,DE,00+,0
2014-06-07,23,DE,00+,0
2014-06-10,23,DE,00+,0
2014-06-11,24,DE,00+,1
2014-06-12,24,DE,00+,0
2014-06-13,24,DE,00+,1
2014-06-14,24,DE,00+,0
2014-06-16,24,DE,00+,0
2014-06-17,24,DE,00+,0
2014-06-18,25,DE,00+,0
2014-06-19,25,DE,00+,0
2014-06-20,25,DE,00+,0
2014-06-21,25,DE,00+,0
2014-06-23,25,DE,00+,0
2014-06-24,25,DE,00+,0
2014-06-25,26,DE,00+,0
2014-06-26,26,DE,00+,0
2014-06-27,26,DE,00+,0
2014-06-28,26,DE,00+,0
2014-06-30,26,DE,00+,0
2014-07-01,26,DE,00+,1
2014-07-02,27,DE,00+,0
2014-07-03,27,DE,00+,0
2014-07-04,27,DE,00+,0
2014-07-05,27,DE,00+,0
2014-07-06,27,DE,00+,0
2014-07-07,27,DE,00+,0
2014-07-08,27,DE,00+,0
2014-07-09,28,DE,00+,0
2014-07-10,28,DE,00+,0
2014-07-11,28,DE,00+,0
2014-07-12,28,DE,00+,0
2014-07-14,28,DE,00+,0
2014-07-15,28,DE,00+,0
2014-07-16,29,DE,00+,0
2014-07-17,29,DE,00+,1
2014-07-18,29,DE,00+,0
2014-07-19,29,DE,00+,0
2014-07-21,29,DE,00+,0
2014-07-22,29,DE,00+,1
2014-07-23,30,DE,00+,0
2014-07-24,30,DE,00+,0
2014-07-25,30,DE,00+,0
2014-07-26,30,DE,00+,0
2014-07-27,30,DE,00+,0
2014-07-28,30,DE,00+,0
2014-07-29,30,DE,00+,0
2014-07-30,31,DE,00+,0
2014-07-31,31,DE,00+,0
2014-08-01,31,DE,00+,0
2014-08-02,31,DE,00+,1
2014-08-03,31,DE,00+,0
2014-08-04,31,DE,00+,0
2014-08-05,31,DE,00+,0
2014-08-06,32,DE,00+,0
2014-08-07,32,DE,00+,0
2014-08-08,32,DE,00+,0
2014-08-09,32,DE,00+,0
2014-08-10,32,DE,00+,0
2014-08-11,32,DE,00+,0
2014-08-12,32,DE,00+,0
2014-08-13,33,DE,00+,0
2014-08-14,33,DE,00+,0
2014-08-15,33,DE,00+,0
2014-08-16,33,DE,00+,0
2014-08-17,33,DE,00+,0
2014-08-18,33,DE,00+,0
2014-08-19,33,DE,00+,0
2014-08-20,34,DE,00+,0
2014-08-21,34,DE,00+,0
2014-08-22,34,DE,00+,0
2014-08-23,34,DE,00+,0
2014-08-24,34,DE,00+,0
2014-08-25,34,DE,00+,0
2014-08-26,34,DE,00+,1
2014-08-27,35,DE,00+,0
2014-08-28,35,DE,00+,0
2014-08-29,35,DE,00+,0
2014-08-30,35,DE,00+,0
2014-08-31,35,DE,00+,0
2014-09-01,35,DE,00+,0
2014-09-02,35,DE,00+,0
2014-09-03,36,DE,00+,0
2014-09-04,36,DE,00+,0
2014-09-05,36,DE,00+,0
2014-09-06,36,DE,00+,1
2014-09-07,36,DE,00+,0
2014-09-08,36,DE,00+,0
2014-09-09,36,DE,00+,0
2014-09-10,37,DE,00+,0
2014-09-11,37,DE,00+,0
2014-09-12,37,DE,00+,0
2014-09-13,37,DE,00+,0
2014-09-14,37,DE,00+,0
2014-09-15,37,DE,00+,0
2014-09-16,37,DE,00+,0
2014-09-17,38,DE,00+,0
2014-09-18,38,DE,00+,0
2014-09-19,38,DE,00+,0
2014-09-20,38,DE,00+,0
2014-09-22,38,DE,00+,0
2014-09-23,38,DE,00+,0
2014-09-24,39,DE,00+,0
2014-09-25,39,DE,00+,0
2014-09-26,39,DE,00+,0
2014-09-27,39,DE,00+,0
2014-09-28,39,DE,00+,0
2014-09-29,39,DE,00+,0
2014-09-30,39,DE,00+,0
2014-10-01,40,DE,00+,0
2014-10-02,40,DE,00+,0
2014-10-03,40,DE,00+,0
2014-10-04,40,DE,00+,0
2014-10-05,40,DE,00+,0
2014-10-06,40,DE,00+,0
2014-10-07,40,DE,00+,0
2014-10-08,41,DE,00+,0
2014-10-09,41,DE,00+,0
2014-10-10,41,DE,00+,0
2014-10-11,41,DE,00+,0
2014-10-12,41,DE,00+,0
2014-10-13,41,DE,00+,0
2014-10-14,41,DE,00+,0
2014-10-15,42,DE,00+,0
2014-10-16,42,DE,00+,0
2014-10-17,42,DE,00+,0
2014-10-18,42,DE,00+,0
2014-10-19,42,DE,00+,0
2014-10-20,42,DE,00+,0
2014-10-21,42,DE,00+,0
2014-10-22,43,DE,00+,0
2014-10-23,43,DE,00+,0
2014-10-24,43,DE,00+,0
2014-10-25,43,DE,00+,1
2014-10-26,43,DE,00+,0
2014-10-27,43,DE,00+,0
2014-10-28,43,DE,00+,0
2014-10-29,44,DE,00+,0
2014-10-30,44,DE,00+,0
2014-10-31,44,DE,00+,1
2014-11-01,44,DE,00+,0
2014-11-02,44,DE,00+,0
2014-11-03,44,DE,00+,0
2014-11-04,44,DE,00+,0
2014-11-05,45,DE,00+,0
2014-11-06,45,DE,00+,0
2014-11-07,45,DE,00+,0
2014-11-08,45,DE,00+,0
2014-11-09,45,DE,00+,0
2014-11-10,45,DE,00+,0
2014-11-11,45,DE,00+,0
2014-11-12,46,DE,00+,0
2014-11-13,46,DE,00+,0
2014-11-14,46,DE,00+,0
2014-11-15,46,DE,00+,0
2014-11-16,46,DE,00+,0
2014-11-17,46,DE,00+,0
2014-11-18,46,DE,00+,0
2014-11-19,47,DE,00+,0
2014-11-20,47,DE,00+,0
2014-11-21,47,DE,00+,1
2014-11-22,47,DE,00+,0
2014-11-23,47,DE,00+,0
2014-11-24,47,DE,00+,0
2014-11-25,47,DE,00+,0
2014-11-26,48,DE,00+,0
2014-11-27,48,DE,00+,0
2014-11-28,48,DE,00+,1
2014-11-29,48,DE,00+,1
2014-11-30,48,DE,00+,0
2014-12-01,48,DE,00+,2
2014-12-02,48,DE,00+,1
2014-12-03,49,DE,00+,0
2014-12-04,49,DE,00+,0
2014-12-05,49,DE,00+,0
2014-12-06,49,DE,00+,0
2014-12-07,49,DE,00+,0
2014-12-08,49,DE,00+,0
2014-12-09,49,DE,00+,0
2014-12-10,50,DE,00+,1
2014-12-11,50,DE,00+,1
2014-12-12,50,DE,00+,0
2014-12-13,50,DE,00+,1
2014-12-14,50,DE,00+,0
2014-12-15,50,DE,00+,1
2014-12-16,50,DE,00+,0
2014-12-17,51,DE,00+,2
2014-12-18,51,DE,00+,6
2014-12-19,51,DE,00+,1
2014-12-20,51,DE,00+,1
2014-12-21,51,DE,00+,0
2014-12-22,51,DE,00+,3
2014-12-23,51,DE,00+,2
2014-12-24,52,DE,00+,0
2014-12-25,52,DE,00+,1
2014-12-26,52,DE,00+,0
2014-12-27,52,DE,00+,1
2014-12-28,52,DE,00+,1
2014-12-29,52,DE,00+,5
2014-12-30,52,DE,00+,6
2014-12-31,53,DE,00+,6
2015-01-01,1,DE,00+,0
2015-01-02,1,DE,00+,9
2015-01-03,1,DE,00+,3
2015-01-04,1,DE,00+,0
2015-01-05,1,DE,00+,10
2015-01-06,1,DE,00+,3
2015-01-07,1,DE,00+,5
2015-01-08,2,DE,00+,10
2015-01-09,2,DE,00+,12
2015-01-10,2,DE,00+,2
2015-01-11,2,DE,00+,0
2015-01-12,2,DE,00+,8
2015-01-13,2,DE,00+,3
2015-01-14,2,DE,00+,8
2015-01-15,3,DE,00+,7
2015-01-16,3,DE,00+,5
2015-01-17,3,DE,00+,2
2015-01-18,3,DE,00+,0
2015-01-19,3,DE,00+,17
2015-01-20,3,DE,00+,8
2015-01-21,3,DE,00+,6
2015-01-22,4,DE,00+,14
2015-01-23,4,DE,00+,7
2015-01-24,4,DE,00+,3
2015-01-25,4,DE,00+,0
2015-01-26,4,DE,00+,18
2015-01-27,4,DE,00+,14
2015-01-28,4,DE,00+,11
2015-01-29,5,DE,00+,20
2015-01-30,5,DE,00+,16
2015-01-31,5,DE,00+,5
2015-02-01,5,DE,00+,5
2015-02-02,5,DE,00+,35
2015-02-03,5,DE,00+,24
2015-02-04,5,DE,00+,26
2015-02-05,6,DE,00+,31
2015-02-06,6,DE,00+,16
2015-02-07,6,DE,00+,9
2015-02-08,6,DE,00+,8
2015-02-09,6,DE,00+,40
2015-02-10,6,DE,00+,35
2015-02-11,6,DE,00+,48
2015-02-12,7,DE,00+,43
2015-02-13,7,DE,00+,41
2015-02-14,7,DE,00+,16
2015-02-15,7,DE,00+,19
2015-02-16,7,DE,00+,25
2015-02-17,7,DE,00+,44
2015-02-18,7,DE,00+,38
2015-02-19,8,DE,00+,33
2015-02-20,8,DE,00+,21
2015-02-21,8,DE,00+,11
2015-02-22,8,DE,00+,9
2015-02-23,8,DE,00+,47
2015-02-24,8,DE,00+,33
2015-02-25,8,DE,00+,37
2015-02-26,9,DE,00+,18
2015-02-27,9,DE,00+,22
2015-02-28,9,DE,00+,6
2015-03-01,9,DE,00+,9
2015-03-02,9,DE,00+,39
2015-03-03,9,DE,00+,32
2015-03-04,9,DE,00+,37
2015-03-05,10,DE,00+,24
2015-03-06,10,DE,00+,22
2015-03-07,10,DE,00+,6
2015-03-08,10,DE,00+,11
2015-03-09,10,DE,00+,36
2015-03-10,10,DE,00+,26
2015-03-11,10,DE,00+,22
2015-03-12,11,DE,00+,18
2015-03-13,11,DE,00+,13
2015-03-14,11,DE,00+,4
2015-03-15,11,DE,00+,4
2015-03-16,11,DE,00+,18
2015-03-17,11,DE,00+,12
2015-03-18,11,DE,00+,8
2015-03-19,12,DE,00+,6
2015-03-20,12,DE,00+,11
2015-03-21,12,DE,00+,0
2015-03-22,12,DE,00+,0
2015-03-23,12,DE,00+,10
2015-03-24,12,DE,00+,9
2015-03-25,12,DE,00+,7
2015-03-26,13,DE,00+,3
2015-03-27,13,DE,00+,1
2015-03-28,13,DE,00+,2
2015-03-29,13,DE,00+,1
2015-03-30,13,DE,00+,5
2015-03-31,13,DE,00+,2
2015-04-01,13,DE,00+,0
2015-04-02,14,DE,00+,4
2015-04-03,14,DE,00+,0
2015-04-04,14,DE,00+,0
2015-04-05,14,DE,00+,1
2015-04-06,14,DE,00+,0
2015-04-07,14,DE,00+,5
2015-04-08,14,DE,00+,0
2015-04-09,15,DE,00+,1
2015-04-10,15,DE,00+,2
2015-04-11,15,DE,00+,1
2015-04-12,15,DE,00+,0
2015-04-13,15,DE,00+,2
2015-04-14,15,DE,00+,3
2015-04-15,15,DE,00+,1
2015-04-16,16,DE,00+,0
2015-04-17,16,DE,00+,0
2015-04-18,16,DE,00+,1
2015-04-19,16,DE,00+,0
2015-04-20,16,DE,00+,0
2015-04-21,16,DE,00+,1
2015-04-22,16,DE,00+,0
2015-04-23,17,DE,00+,0
2015-04-24,17,DE,00+,1
2015-04-25,17,DE,00+,0
2015-04-26,17,DE,00+,0
2015-04-27,17,DE,00+,1
2015-04-28,17,DE,00+,2
2015-04-29,17,DE,00+,1
2015-04-30,18,DE,00+,0
2015-05-01,18,DE,00+,0
2015-05-02,18,DE,00+,0
2015-05-03,18,DE,00+,0
2015-05-04,18,DE,00+,1
2015-05-05,18,DE,00+,0
2015-05-06,18,DE,00+,1
2015-05-07,19,DE,00+,0
2015-05-08,19,DE,00+,0
2015-05-09,19,DE,00+,0
2015-05-10,19,DE,00+,0
2015-05-11,19,DE,00+,0
2015-05-12,19,DE,00+,0
2015-05-13,19,DE,00+,0
2015-05-14,20,DE,00+,0
2015-05-15,20,DE,00+,0
2015-05-16,20,DE,00+,0
2015-05-17,20,DE,00+,0
2015-05-18,20,DE,00+,0
2015-05-19,20,DE,00+,0
2015-05-20,20,DE,00+,0
2015-05-21,21,DE,00+,0
2015-05-22,21,DE,00+,0
2015-05-23,21,DE,00+,0
2015-05-24,21,DE,00+,0
2015-05-25,21,DE,00+,0
2015-05-26,21,DE,00+,1
2015-05-27,21,DE,00+,0
2015-05-28,22,DE,00+,0
2015-05-29,22,DE,00+,0
2015-05-30,22,DE,00+,0
2015-05-31,22,DE,00+,0
2015-06-01,22,DE,00+,0
2015-06-02,22,DE,00+,0
2015-06-03,22,DE,00+,0
2015-06-04,23,DE,00+,0
2015-06-05,23,DE,00+,0
2015-06-06,23,DE,00+,0
2015-06-07,23,DE,00+,0
2015-06-08,23,DE,00+,0
2015-06-09,23,DE,00+,0
2015-06-10,23,DE,00+,0
2015-06-11,24,DE,00+,0
2015-06-12,24,DE,00+,0
2015-06-14,24,DE,00+,0
2015-06-15,24,DE,00+,1
2015-06-16,24,DE,00+,0
2015-06-17,24,DE,00+,0
2015-06-18,25,DE,00+,0
2015-06-19,25,DE,00+,1
2015-06-20,25,DE,00+,0
2015-06-21,25,DE,00+,0
2015-06-22,25,DE,00+,2
2015-06-23,25,DE,00+,0
2015-06-24,25,DE,00+,0
2015-06-25,26,DE,00+,0
2015-06-26,26,DE,00+,0
2015-06-27,26,DE,00+,0
2015-06-28,26,DE,00+,0
2015-06-29,26,DE,00+,0
2015-06-30,26,DE,00+,0
2015-07-01,26,DE,00+,0
2015-07-02,27,DE,00+,0
2015-07-03,27,DE,00+,0
2015-07-04,27,DE,00+,0
2015-07-06,27,DE,00+,1
2015-07-07,27,DE,00+,0
2015-07-08,27,DE,00+,0
2015-07-09,28,DE,00+,2
2015-07-10,28,DE,00+,0
2015-07-11,28,DE,00+,0
2015-07-13,28,DE,00+,0
2015-07-14,28,DE,00+,0
2015-07-15,28,DE,00+,0
2015-07-16,29,DE,00+,0
2015-07-17,29,DE,00+,0
2015-07-18,29,DE,00+,0
2015-07-20,29,DE,00+,0
2015-07-21,29,DE,00+,0
2015-07-22,29,DE,00+,0
2015-07-23,30,DE,00+,0
2015-07-24,30,DE,00+,0
2015-07-25,30,DE,00+,0
2015-07-27,30,DE,00+,0
2015-07-28,30,DE,00+,0
2015-07-29,30,DE,00+,0
2015-07-30,31,DE,00+,0
2015-07-31,31,DE,00+,0
2015-08-01,31,DE,00+,1
2015-08-02,31,DE,00+,0
2015-08-03,31,DE,00+,1
2015-08-04,31,DE,00+,0
2015-08-05,31,DE,00+,0
2015-08-06,32,DE,00+,0
2015-08-07,32,DE,00+,1
2015-08-08,32,DE,00+,0
2015-08-10,32,DE,00+,0
2015-08-11,32,DE,00+,0
2015-08-12,32,DE,00+,0
2015-08-13,33,DE,00+,0
2015-08-14,33,DE,00+,0
2015-08-15,33,DE,00+,0
2015-08-17,33,DE,00+,0
2015-08-18,33,DE,00+,0
2015-08-19,33,DE,00+,0
2015-08-20,34,DE,00+,0
2015-08-21,34,DE,00+,0
2015-08-23,34,DE,00+,0
2015-08-24,34,DE,00+,0
2015-08-25,34,DE,00+,0
2015-08-26,34,DE,00+,0
2015-08-27,35,DE,00+,0
2015-08-28,35,DE,00+,0
2015-08-29,35,DE,00+,0
2015-08-30,35,DE,00+,0
2015-08-31,35,DE,00+,0
2015-09-01,35,DE,00+,0
2015-09-02,35,DE,00+,0
2015-09-03,36,DE,00+,0
2015-09-04,36,DE,00+,0
2015-09-05,36,DE,00+,0
2015-09-07,36,DE,00+,0
2015-09-08,36,DE,00+,0
2015-09-09,36,DE,00+,0
2015-09-10,37,DE,00+,0
2015-09-11,37,DE,00+,0
2015-09-12,37,DE,00+,0
2015-09-13,37,DE,00+,0
2015-09-14,37,DE,00+,0
2015-09-15,37,DE,00+,0
2015-09-16,37,DE,00+,0
2015-09-17,38,DE,00+,0
2015-09-18,38,DE,00+,1
2015-09-19,38,DE,00+,0
2015-09-20,38,DE,00+,0
2015-09-21,38,DE,00+,0
2015-09-22,38,DE,00+,0
2015-09-23,38,DE,00+,0
2015-09-24,39,DE,00+,0
2015-09-25,39,DE,00+,0
2015-09-26,39,DE,00+,0
2015-09-27,39,DE,00+,0
2015-09-28,39,DE,00+,0
2015-09-29,39,DE,00+,0
2015-09-30,39,DE,00+,0
2015-10-01,40,DE,00+,0
2015-10-02,40,DE,00+,0
2015-10-03,40,DE,00+,0
2015-10-04,40,DE,00+,0
2015-10-05,40,DE,00+,0
2015-10-06,40,DE,00+,0
2015-10-07,40,DE,00+,0
2015-10-08,41,DE,00+,0
2015-10-09,41,DE,00+,0
2015-10-10,41,DE,00+,0
2015-10-11,41,DE,00+,0
2015-10-12,41,DE,00+,2
2015-10-13,41,DE,00+,0
2015-10-14,41,DE,00+,0
2015-10-15,42,DE,00+,1
2015-10-16,42,DE,00+,0
2015-10-17,42,DE,00+,0
2015-10-18,42,DE,00+,0
2015-10-19,42,DE,00+,0
2015-10-20,42,DE,00+,0
2015-10-21,42,DE,00+,0
2015-10-22,43,DE,00+,0
2015-10-23,43,DE,00+,0
2015-10-24,43,DE,00+,1
2015-10-25,43,DE,00+,0
2015-10-26,43,DE,00+,0
2015-10-27,43,DE,00+,0
2015-10-28,43,DE,00+,0
2015-10-29,44,DE,00+,0
2015-10-30,44,DE,00+,0
2015-10-31,44,DE,00+,0
2015-11-01,44,DE,00+,0
2015-11-02,44,DE,00+,1
2015-11-03,44,DE,00+,0
2015-11-04,44,DE,00+,0
2015-11-05,45,DE,00+,0
2015-11-06,45,DE,00+,0
2015-11-07,45,DE,00+,1
2015-11-08,45,DE,00+,0
2015-11-09,45,DE,00+,0
2015-11-10,45,DE,00+,0
2015-11-11,45,DE,00+,0
2015-11-12,46,DE,00+,0
2015-11-13,46,DE,00+,0
2015-11-14,46,DE,00+,0
2015-11-15,46,DE,00+,0
2015-11-16,46,DE,00+,0
2015-11-17,46,DE,00+,0
2015-11-18,46,DE,00+,0
2015-11-19,47,DE,00+,0
2015-11-20,47,DE,00+,0
2015-11-21,47,DE,00+,0
2015-11-22,47,DE,00+,0
2015-11-23,47,DE,00+,0
2015-11-24,47,DE,00+,0
2015-11-25,47,DE,00+,0
2015-11-26,48,DE,00+,1
2015-11-27,48,DE,00+,0
2015-11-28,48,DE,00+,0
2015-11-29,48,DE,00+,0
2015-11-30,48,DE,00+,2
2015-12-01,48,DE,00+,1
2015-12-02,48,DE,00+,1
2015-12-03,49,DE,00+,0
2015-12-04,49,DE,00+,0
2015-12-05,49,DE,00+,0
2015-12-06,49,DE,00+,0
2015-12-07,49,DE,00+,3
2015-12-08,49,DE,00+,1
2015-12-09,49,DE,00+,0
2015-12-10,50,DE,00+,0
2015-12-11,50,DE,00+,1
2015-12-12,50,DE,00+,0
2015-12-13,50,DE,00+,1
2015-12-14,50,DE,00+,2
2015-12-15,50,DE,00+,1
2015-12-16,50,DE,00+,0
2015-12-17,51,DE,00+,2
2015-12-18,51,DE,00+,0
2015-12-19,51,DE,00+,0
2015-12-20,51,DE,00+,0
2015-12-21,51,DE,00+,1
2015-12-22,51,DE,00+,2
2015-12-23,51,DE,00+,2
2015-12-24,52,DE,00+,0
2015-12-25,52,DE,00+,0
2015-12-26,52,DE,00+,0
2015-12-27,52,DE,00+,0
2015-12-28,52,DE,00+,2
2015-12-29,52,DE,00+,0
2015-12-30,52,DE,00+,0
2015-12-31,53,DE,00+,2
2016-01-01,1,DE,00+,0
2016-01-02,1,DE,00+,0
2016-01-03,1,DE,00+,0
2016-01-04,1,DE,00+,1
2016-01-05,1,DE,00+,1
2016-01-06,1,DE,00+,1
2016-01-07,1,DE,00+,0
2016-01-08,2,DE,00+,1
2016-01-09,2,DE,00+,0
2016-01-10,2,DE,00+,0
2016-01-11,2,DE,00+,4
2016-01-12,2,DE,00+,2
2016-01-13,2,DE,00+,2
2016-01-14,2,DE,00+,1
2016-01-15,3,DE,00+,1
2016-01-16,3,DE,00+,2
2016-01-17,3,DE,00+,0
2016-01-18,3,DE,00+,2
2016-01-19,3,DE,00+,1
2016-01-20,3,DE,00+,1
2016-01-21,3,DE,00+,2
2016-01-22,4,DE,00+,2
2016-01-23,4,DE,00+,0
2016-01-24,4,DE,00+,0
2016-01-25,4,DE,00+,2
2016-01-26,4,DE,00+,2
2016-01-27,4,DE,00+,7
2016-01-28,4,DE,00+,4
2016-01-29,5,DE,00+,2
2016-01-30,5,DE,00+,0
2016-01-31,5,DE,00+,0
2016-02-01,5,DE,00+,6
2016-02-02,5,DE,00+,1
2016-02-03,5,DE,00+,2
2016-02-04,5,DE,00+,3
2016-02-05,6,DE,00+,2
2016-02-06,6,DE,00+,1
2016-02-07,6,DE,00+,0
2016-02-08,6,DE,00+,5
2016-02-09,6,DE,00+,8
2016-02-10,6,DE,00+,3
2016-02-11,6,DE,00+,2
2016-02-12,7,DE,00+,4
2016-02-13,7,DE,00+,1
2016-02-14,7,DE,00+,0
2016-02-15,7,DE,00+,4
2016-02-16,7,DE,00+,5
2016-02-17,7,DE,00+,4
2016-02-18,7,DE,00+,5
2016-02-19,8,DE,00+,3
2016-02-20,8,DE,00+,2
2016-02-21,8,DE,00+,0
2016-02-22,8,DE,00+,8
2016-02-23,8,DE,00+,8
2016-02-24,8,DE,00+,10
2016-02-25,8,DE,00+,4
2016-02-26,9,DE,00+,5
2016-02-27,9,DE,00+,1
2016-02-28,9,DE,00+,1
2016-02-29,9,DE,00+,16
2016-03-01,9,DE,00+,7
2016-03-02,9,DE,00+,10
2016-03-03,9,DE,00+,6
2016-03-04,10,DE,00+,9
2016-03-05,10,DE,00+,3
2016-03-06,10,DE,00+,0
2016-03-07,10,DE,00+,7
2016-03-08,10,DE,00+,7
2016-03-09,10,DE,00+,7
2016-03-10,10,DE,00+,9
2016-03-11,11,DE,00+,6
2016-03-12,11,DE,00+,1
2016-03-13,11,DE,00+,1
2016-03-14,11,DE,00+,8
2016-03-15,11,DE,00+,5
2016-03-16,11,DE,00+,8
2016-03-17,11,DE,00+,4
2016-03-18,12,DE,00+,4
2016-03-19,12,DE,00+,1
2016-03-20,12,DE,00+,0
2016-03-21,12,DE,00+,11
2016-03-22,12,DE,00+,4
2016-03-23,12,DE,00+,4
2016-03-24,12,DE,00+,8
2016-03-25,13,DE,00+,0
2016-03-26,13,DE,00+,4
2016-03-27,13,DE,00+,0
2016-03-28,13,DE,00+,1
2016-03-29,13,DE,00+,11
2016-03-30,13,DE,00+,5
2016-03-31,13,DE,00+,9
2016-04-01,14,DE,00+,6
2016-04-02,14,DE,00+,1
2016-04-03,14,DE,00+,0
2016-04-04,14,DE,00+,9
2016-04-05,14,DE,00+,5
2016-04-06,14,DE,00+,5
2016-04-07,14,DE,00+,3
2016-04-08,15,DE,00+,3
2016-04-09,15,DE,00+,0
2016-04-10,15,DE,00+,0
2016-04-11,15,DE,00+,2
2016-04-12,15,DE,00+,0
2016-04-13,15,DE,00+,1
2016-04-14,15,DE,00+,1
2016-04-15,16,DE,00+,2
2016-04-16,16,DE,00+,1
2016-04-17,16,DE,00+,0
2016-04-18,16,DE,00+,1
2016-04-19,16,DE,00+,2
2016-04-20,16,DE,00+,2
2016-04-21,16,DE,00+,2
2016-04-22,17,DE,00+,2
2016-04-23,17,DE,00+,0
2016-04-24,17,DE,00+,0
2016-04-25,17,DE,00+,1
2016-04-26,17,DE,00+,1
2016-04-27,17,DE,00+,0
2016-04-28,17,DE,00+,0
2016-04-29,18,DE,00+,1
2016-04-30,18,DE,00+,0
2016-05-01,18,DE,00+,0
2016-05-02,18,DE,00+,1
2016-05-03,18,DE,00+,0
2016-05-04,18,DE,00+,0
2016-05-05,18,DE,00+,0
2016-05-06,19,DE,00+,0
2016-05-07,19,DE,00+,0
2016-05-08,19,DE,00+,0
2016-05-09,19,DE,00+,1
2016-05-10,19,DE,00+,0
2016-05-11,19,DE,00+,0
2016-05-12,19,DE,00+,1
2016-05-13,20,DE,00+,1
2016-05-14,20,DE,00+,0
2016-05-15,20,DE,00+,0
2016-05-16,20,DE,00+,0
2016-05-17,20,DE,00+,1
2016-05-18,20,DE,00+,1
2016-05-19,20,DE,00+,0
2016-05-20,21,DE,00+,0
2016-05-21,21,DE,00+,0
2016-05-22,21,DE,00+,0
2016-05-23,21,DE,00+,0
2016-05-24,21,DE,00+,0
2016-05-25,21,DE,00+,1
2016-05-26,21,DE,00+,0
2016-05-27,22,DE,00+,0
2016-05-28,22,DE,00+,0
2016-05-30,22,DE,00+,1
2016-05-31,22,DE,00+,0
2016-06-01,22,DE,00+,1
2016-06-02,22,DE,00+,0
2016-06-03,23,DE,00+,0
2016-06-04,23,DE,00+,0
2016-06-05,23,DE,00+,0
2016-06-06,23,DE,00+,0
2016-06-07,23,DE,00+,0
2016-06-08,23,DE,00+,0
2016-06-09,23,DE,00+,1
2016-06-10,24,DE,00+,0
2016-06-11,24,DE,00+,0
2016-06-12,24,DE,00+,0
2016-06-13,24,DE,00+,0
2016-06-14,24,DE,00+,0
2016-06-15,24,DE,00+,0
2016-06-16,24,DE,00+,0
2016-06-17,25,DE,00+,0
2016-06-18,25,DE,00+,0
2016-06-19,25,DE,00+,0
2016-06-20,25,DE,00+,0
2016-06-21,25,DE,00+,0
2016-06-22,25,DE,00+,0
2016-06-23,25,DE,00+,0
2016-06-24,26,DE,00+,1
2016-06-25,26,DE,00+,0
2016-06-26,26,DE,00+,0
2016-06-27,26,DE,00+,0
2016-06-28,26,DE,00+,0
2016-06-29,26,DE,00+,0
2016-06-30,26,DE,00+,0
2016-07-01,27,DE,00+,0
2016-07-02,27,DE,00+,0
2016-07-03,27,DE,00+,0
2016-07-04,27,DE,00+,1
2016-07-05,27,DE,00+,0
2016-07-06,27,DE,00+,0
2016-07-07,27,DE,00+,0
2016-07-08,28,DE,00+,1
2016-07-09,28,DE,00+,0
2016-07-11,28,DE,00+,0
2016-07-12,28,DE,00+,0
2016-07-13,28,DE,00+,0
2016-07-14,28,DE,00+,0
2016-07-15,29,DE,00+,0
2016-07-16,29,DE,00+,0
2016-07-17,29,DE,00+,0
2016-07-18,29,DE,00+,0
2016-07-19,29,DE,00+,0
2016-07-20,29,DE,00+,0
2016-07-21,29,DE,00+,0
2016-07-22,30,DE,00+,0
2016-07-23,30,DE,00+,0
2016-07-24,30,DE,00+,0
2016-07-25,30,DE,00+,0
2016-07-26,30,DE,00+,0
2016-07-27,30,DE,00+,0
2016-07-28,30,DE,00+,0
2016-07-29,31,DE,00+,0
2016-07-30,31,DE,00+,0
2016-07-31,31,DE,00+,0
2016-08-01,31,DE,00+,2
2016-08-02,31,DE,00+,0
2016-08-03,31,DE,00+,0
2016-08-04,31,DE,00+,0
2016-08-05,32,DE,00+,0
2016-08-06,32,DE,00+,0
2016-08-08,32,DE,00+,0
2016-08-09,32,DE,00+,0
2016-08-10,32,DE,00+,0
2016-08-11,32,DE,00+,0
2016-08-12,33,DE,00+,0
2016-08-13,33,DE,00+,0
2016-08-14,33,DE,00+,0
2016-08-15,33,DE,00+,0
2016-08-16,33,DE,00+,0
2016-08-17,33,DE,00+,0
2016-08-18,33,DE,00+,0
2016-08-19,34,DE,00+,0
2016-08-20,34,DE,00+,0
2016-08-21,34,DE,00+,0
2016-08-22,34,DE,00+,1
2016-08-23,34,DE,00+,0
2016-08-24,34,DE,00+,0
2016-08-25,34,DE,00+,0
2016-08-26,35,DE,00+,0
2016-08-27,35,DE,00+,0
2016-08-28,35,DE,00+,0
2016-08-29,35,DE,00+,0
2016-08-30,35,DE,00+,1
2016-08-31,35,DE,00+,0
2016-09-01,35,DE,00+,0
2016-09-02,36,DE,00+,0
2016-09-03,36,DE,00+,0
2016-09-04,36,DE,00+,0
2016-09-05,36,DE,00+,0
2016-09-06,36,DE,00+,0
2016-09-07,36,DE,00+,0
2016-09-08,36,DE,00+,0
2016-09-09,37,DE,00+,0
2016-09-10,37,DE,00+,0
2016-09-11,37,DE,00+,0
2016-09-12,37,DE,00+,0
2016-09-13,37,DE,00+,0
2016-09-14,37,DE,00+,0
2016-09-15,37,DE,00+,0
2016-09-16,38,DE,00+,0
2016-09-17,38,DE,00+,0
2016-09-19,38,DE,00+,0
2016-09-20,38,DE,00+,0
2016-09-21,38,DE,00+,0
2016-09-22,38,DE,00+,0
2016-09-23,39,DE,00+,0
2016-09-24,39,DE,00+,0
2016-09-26,39,DE,00+,0
2016-09-27,39,DE,00+,0
2016-09-28,39,DE,00+,0
2016-09-29,39,DE,00+,1
2016-09-30,40,DE,00+,0
2016-10-01,40,DE,00+,0
2016-10-02,40,DE,00+,0
2016-10-03,40,DE,00+,0
2016-10-04,40,DE,00+,0
2016-10-05,40,DE,00+,1
2016-10-06,40,DE,00+,0
2016-10-07,41,DE,00+,1
2016-10-08,41,DE,00+,0
2016-10-09,41,DE,00+,0
2016-10-10,41,DE,00+,0
2016-10-11,41,DE,00+,1
2016-10-12,41,DE,00+,0
2016-10-13,41,DE,00+,0
2016-10-14,42,DE,00+,0
2016-10-15,42,DE,00+,0
2016-10-16,42,DE,00+,0
2016-10-17,42,DE,00+,0
2016-10-18,42,DE,00+,0
2016-10-19,42,DE,00+,0
2016-10-20,42,DE,00+,0
2016-10-21,43,DE,00+,0
2016-10-22,43,DE,00+,0
2016-10-23,43,DE,00+,0
2016-10-24,43,DE,00+,0
2016-10-25,43,DE,00+,2
2016-10-26,43,DE,00+,0
2016-10-27,43,DE,00+,0
2016-10-28,44,DE,00+,0
2016-10-29,44,DE,00+,0
2016-10-30,44,DE,00+,0
2016-10-31,44,DE,00+,0
2016-11-01,44,DE,00+,0
2016-11-02,44,DE,00+,0
2016-11-03,44,DE,00+,0
2016-11-04,45,DE,00+,0
2016-11-05,45,DE,00+,1
2016-11-07,45,DE,00+,0
2016-11-08,45,DE,00+,1
2016-11-09,45,DE,00+,0
2016-11-10,45,DE,00+,0
2016-11-11,46,DE,00+,0
2016-11-12,46,DE,00+,0
2016-11-14,46,DE,00+,1
2016-11-15,46,DE,00+,0
2016-11-16,46,DE,00+,0
2016-11-17,46,DE,00+,1
2016-11-18,47,DE,00+,1
2016-11-19,47,DE,00+,2
2016-11-21,47,DE,00+,0
2016-11-22,47,DE,00+,1
2016-11-23,47,DE,00+,1
2016-11-24,47,DE,00+,0
2016-11-25,48,DE,00+,1
2016-11-26,48,DE,00+,0
2016-11-27,48,DE,00+,0
2016-11-28,48,DE,00+,1
2016-11-29,48,DE,00+,0
2016-11-30,48,DE,00+,1
2016-12-01,48,DE,00+,2
2016-12-02,49,DE,00+,1
2016-12-03,49,DE,00+,1
2016-12-05,49,DE,00+,2
2016-12-06,49,DE,00+,1
2016-12-07,49,DE,00+,1
2016-12-08,49,DE,00+,1
2016-12-09,50,DE,00+,2
2016-12-10,50,DE,00+,3
2016-12-11,50,DE,00+,0
2016-12-12,50,DE,00+,1
2016-12-13,50,DE,00+,6
2016-12-14,50,DE,00+,2
2016-12-15,50,DE,00+,6
2016-12-16,51,DE,00+,4
2016-12-17,51,DE,00+,1
2016-12-19,51,DE,00+,8
2016-12-20,51,DE,00+,4
2016-12-21,51,DE,00+,4
2016-12-22,51,DE,00+,6
2016-12-23,52,DE,00+,8
2016-12-24,52,DE,00+,1
2016-12-26,52,DE,00+,2
2016-12-27,52,DE,00+,9
2016-12-28,52,DE,00+,10
2016-12-29,52,DE,00+,11
2016-12-30,53,DE,00+,10
2016-12-31,53,DE,00+,5
2017-01-01,1,DE,00+,0
2017-01-02,1,DE,00+,19
2017-01-03,1,DE,00+,17
2017-01-04,1,DE,00+,16
2017-01-05,1,DE,00+,22
2017-01-06,1,DE,00+,9
2017-01-07,1,DE,00+,14
2017-01-08,2,DE,00+,0
2017-01-09,2,DE,00+,40
2017-01-10,2,DE,00+,38
2017-01-11,2,DE,00+,33
2017-01-12,2,DE,00+,27
2017-01-13,2,DE,00+,25
2017-01-14,2,DE,00+,9
2017-01-15,3,DE,00+,4
2017-01-16,3,DE,00+,25
2017-01-17,3,DE,00+,37
2017-01-18,3,DE,00+,36
2017-01-19,3,DE,00+,48
2017-01-20,3,DE,00+,37
2017-01-21,3,DE,00+,24
2017-01-22,4,DE,00+,3
2017-01-23,4,DE,00+,37
2017-01-24,4,DE,00+,72
2017-01-25,4,DE,00+,43
2017-01-26,4,DE,00+,63
2017-01-27,4,DE,00+,50
2017-01-28,4,DE,00+,24
2017-01-29,5,DE,00+,12
2017-01-30,5,DE,00+,61
2017-01-31,5,DE,00+,64
2017-02-01,5,DE,00+,70
2017-02-02,5,DE,00+,71
2017-02-03,5,DE,00+,53
2017-02-04,5,DE,00+,26
2017-02-05,6,DE,00+,12
2017-02-06,6,DE,00+,61
2017-02-07,6,DE,00+,54
2017-02-08,6,DE,00+,53
2017-02-09,6,DE,00+,48
2017-02-10,6,DE,00+,39
2017-02-11,6,DE,00+,9
2017-02-12,7,DE,00+,12
2017-02-13,7,DE,00+,70
2017-02-14,7,DE,00+,50
2017-02-15,7,DE,00+,43
2017-02-16,7,DE,00+,37
2017-02-17,7,DE,00+,25
2017-02-18,7,DE,00+,12
2017-02-19,8,DE,00+,14
2017-02-20,8,DE,00+,49
2017-02-21,8,DE,00+,41
2017-02-22,8,DE,00+,29
2017-02-23,8,DE,00+,31
2017-02-24,8,DE,00+,27
2017-02-25,8,DE,00+,9
2017-02-26,9,DE,00+,6
2017-02-27,9,DE,00+,23
2017-02-28,9,DE,00+,42
2017-03-01,9,DE,00+,20
2017-03-02,9,DE,00+,16
2017-03-03,9,DE,00+,21
2017-03-04,9,DE,00+,6
2017-03-05,10,DE,00+,5
2017-03-06,10,DE,00+,21
2017-03-07,10,DE,00+,12
2017-03-08,10,DE,00+,12
2017-03-09,10,DE,00+,7
2017-03-10,10,DE,00+,9
2017-03-11,10,DE,00+,2
2017-03-12,11,DE,00+,0
2017-03-13,11,DE,00+,7
2017-03-14,11,DE,00+,8
2017-03-15,11,DE,00+,2
2017-03-16,11,DE,00+,4
2017-03-17,11,DE,00+,5
2017-03-18,11,DE,00+,2
2017-03-19,12,DE,00+,0
2017-03-20,12,DE,00+,5
2017-03-21,12,DE,00+,3
2017-03-22,12,DE,00+,4
2017-03-23,12,DE,00+,3
2017-03-24,12,DE,00+,3
2017-03-25,12,DE,00+,1
2017-03-26,13,DE,00+,0
2017-03-27,13,DE,00+,5
2017-03-28,13,DE,00+,3
2017-03-29,13,DE,00+,3
2017-03-30,13,DE,00+,0
2017-03-31,13,DE,00+,1
2017-04-01,13,DE,00+,0
2017-04-02,14,DE,00+,0
2017-04-03,14,DE,00+,1
2017-04-04,14,DE,00+,0
2017-04-05,14,DE,00+,2
2017-04-06,14,DE,00+,0
2017-04-07,14,DE,00+,1
2017-04-08,14,DE,00+,0
2017-04-10,15,DE,00+,0
2017-04-11,15,DE,00+,2
2017-04-12,15,DE,00+,0
2017-04-13,15,DE,00+,1
2017-04-14,15,DE,00+,0
2017-04-15,15,DE,00+,0
2017-04-16,16,DE,00+,0
2017-04-17,16,DE,00+,0
2017-04-18,16,DE,00+,0
2017-04-19,16,DE,00+,0
2017-04-20,16,DE,00+,1
2017-04-21,16,DE,00+,0
2017-04-22,16,DE,00+,0
2017-04-24,17,DE,00+,0
2017-04-25,17,DE,00+,0
2017-04-26,17,DE,00+,1
2017-04-27,17,DE,00+,0
2017-04-28,17,DE,00+,0
2017-04-29,17,DE,00+,0
2017-05-01,18,DE,00+,0
2017-05-02,18,DE,00+,1
2017-05-03,18,DE,00+,0
2017-05-04,18,DE,00+,0
2017-05-05,18,DE,00+,0
2017-05-06,18,DE,00+,0
2017-05-08,19,DE,00+,1
2017-05-09,19,DE,00+,0
2017-05-10,19,DE,00+,0
2017-05-11,19,DE,00+,1
2017-05-12,19,DE,00+,0
2017-05-13,19,DE,00+,0
2017-05-15,20,DE,00+,0
2017-05-16,20,DE,00+,0
2017-05-17,20,DE,00+,0
2017-05-18,20,DE,00+,0
2017-05-19,20,DE,00+,0
2017-05-20,20,DE,00+,0
2017-05-22,21,DE,00+,0
2017-05-23,21,DE,00+,0
2017-05-24,21,DE,00+,0
2017-05-25,21,DE,00+,0
2017-05-26,21,DE,00+,0
2017-05-27,21,DE,00+,0
2017-05-28,22,DE,00+,0
2017-05-29,22,DE,00+,0
2017-05-30,22,DE,00+,0
2017-05-31,22,DE,00+,0
2017-06-01,22,DE,00+,0
2017-06-02,22,DE,00+,0
2017-06-03,22,DE,00+,0
2017-06-05,23,DE,00+,0
2017-06-06,23,DE,00+,0
2017-06-07,23,DE,00+,0
2017-06-08,23,DE,00+,0
2017-06-09,23,DE,00+,0
2017-06-10,23,DE,00+,1
2017-06-11,24,DE,00+,0
2017-06-12,24,DE,00+,0
2017-06-13,24,DE,00+,1
2017-06-14,24,DE,00+,0
2017-06-15,24,DE,00+,0
2017-06-16,24,DE,00+,0
2017-06-17,24,DE,00+,0
2017-06-19,25,DE,00+,0
2017-06-20,25,DE,00+,0
2017-06-21,25,DE,00+,0
2017-06-22,25,DE,00+,1
2017-06-23,25,DE,00+,0
2017-06-24,25,DE,00+,0
2017-06-26,26,DE,00+,0
2017-06-27,26,DE,00+,0
2017-06-28,26,DE,00+,0
2017-06-29,26,DE,00+,0
2017-06-30,26,DE,00+,0
2017-07-01,26,DE,00+,0
2017-07-03,27,DE,00+,0
2017-07-04,27,DE,00+,0
2017-07-05,27,DE,00+,0
2017-07-06,27,DE,00+,0
2017-07-07,27,DE,00+,0
2017-07-08,27,DE,00+,0
2017-07-09,28,DE,00+,0
2017-07-10,28,DE,00+,0
2017-07-11,28,DE,00+,0
2017-07-12,28,DE,00+,0
2017-07-13,28,DE,00+,0
2017-07-14,28,DE,00+,0
2017-07-15,28,DE,00+,0
2017-07-17,29,DE,00+,0
2017-07-18,29,DE,00+,0
2017-07-19,29,DE,00+,0
2017-07-20,29,DE,00+,0
2017-07-21,29,DE,00+,0
2017-07-22,29,DE,00+,0
2017-07-24,30,DE,00+,0
2017-07-25,30,DE,00+,0
2017-07-26,30,DE,00+,0
2017-07-27,30,DE,00+,0
2017-07-28,30,DE,00+,0
2017-07-29,30,DE,00+,0
2017-07-31,31,DE,00+,0
2017-08-01,31,DE,00+,1
2017-08-02,31,DE,00+,0
2017-08-03,31,DE,00+,0
2017-08-04,31,DE,00+,0
2017-08-05,31,DE,00+,0
2017-08-07,32,DE,00+,0
2017-08-08,32,DE,00+,0
2017-08-09,32,DE,00+,0
2017-08-10,32,DE,00+,0
2017-08-11,32,DE,00+,0
2017-08-12,32,DE,00+,0
2017-08-14,33,DE,00+,0
2017-08-15,33,DE,00+,0
2017-08-16,33,DE,00+,0
2017-08-17,33,DE,00+,0
2017-08-18,33,DE,00+,0
2017-08-19,33,DE,00+,0
2017-08-21,34,DE,00+,0
2017-08-22,34,DE,00+,0
2017-08-23,34,DE,00+,0
2017-08-24,34,DE,00+,0
2017-08-25,34,DE,00+,0
2017-08-26,34,DE,00+,0
2017-08-28,35,DE,00+,0
2017-08-29,35,DE,00+,0
2017-08-30,35,DE,00+,0
2017-08-31,35,DE,00+,0
2017-09-01,35,DE,00+,0
2017-09-02,35,DE,00+,0
2017-09-04,36,DE,00+,0
2017-09-05,36,DE,00+,0
2017-09-06,36,DE,00+,0
2017-09-07,36,DE,00+,0
2017-09-08,36,DE,00+,0
2017-09-09,36,DE,00+,0
2017-09-11,37,DE,00+,0
2017-09-12,37,DE,00+,0
2017-09-13,37,DE,00+,0
2017-09-14,37,DE,00+,0
2017-09-15,37,DE,00+,0
2017-09-16,37,DE,00+,0
2017-09-18,38,DE,00+,0
2017-09-19,38,DE,00+,1
2017-09-20,38,DE,00+,0
2017-09-21,38,DE,00+,0
2017-09-22,38,DE,00+,1
2017-09-23,38,DE,00+,0
2017-09-25,39,DE,00+,0
2017-09-26,39,DE,00+,0
2017-09-27,39,DE,00+,0
2017-09-28,39,DE,00+,0
2017-09-29,39,DE,00+,0
2017-09-30,39,DE,00+,0
2017-10-01,40,DE,00+,0
2017-10-02,40,DE,00+,0
2017-10-03,40,DE,00+,0
2017-10-04,40,DE,00+,0
2017-10-05,40,DE,00+,0
2017-10-06,40,DE,00+,0
2017-10-07,40,DE,00+,0
2017-10-09,41,DE,00+,0
2017-10-10,41,DE,00+,0
2017-10-11,41,DE,00+,0
2017-10-12,41,DE,00+,0
2017-10-13,41,DE,00+,0
2017-10-14,41,DE,00+,0
2017-10-16,42,DE,00+,0
2017-10-17,42,DE,00+,0
2017-10-18,42,DE,00+,0
2017-10-19,42,DE,00+,0
2017-10-20,42,DE,00+,0
2017-10-21,42,DE,00+,0
2017-10-23,43,DE,00+,1
2017-10-24,43,DE,00+,0
2017-10-25,43,DE,00+,0
2017-10-26,43,DE,00+,0
2017-10-27,43,DE,00+,0
2017-10-28,43,DE,00+,0
2017-10-30,44,DE,00+,1
2017-10-31,44,DE,00+,0
2017-11-01,44,DE,00+,0
2017-11-02,44,DE,00+,0
2017-11-03,44,DE,00+,0
2017-11-04,44,DE,00+,0
2017-11-05,45,DE,00+,0
2017-11-06,45,DE,00+,1
2017-11-07,45,DE,00+,0
2017-11-08,45,DE,00+,1
2017-11-09,45,DE,00+,0
2017-11-10,45,DE,00+,0
2017-11-11,45,DE,00+,0
2017-11-13,46,DE,00+,1
2017-11-14,46,DE,00+,0
2017-11-15,46,DE,00+,0
2017-11-16,46,DE,00+,0
2017-11-17,46,DE,00+,0
2017-11-18,46,DE,00+,0
2017-11-20,47,DE,00+,1
2017-11-21,47,DE,00+,1
2017-11-22,47,DE,00+,0
2017-11-23,47,DE,00+,0
2017-11-24,47,DE,00+,0
2017-11-25,47,DE,00+,0
2017-11-26,48,DE,00+,0
2017-11-27,48,DE,00+,1
2017-11-28,48,DE,00+,0
2017-11-29,48,DE,00+,0
2017-11-30,48,DE,00+,0
2017-12-01,48,DE,00+,0
2017-12-02,48,DE,00+,0
2017-12-04,49,DE,00+,1
2017-12-05,49,DE,00+,0
2017-12-06,49,DE,00+,0
2017-12-07,49,DE,00+,0
2017-12-08,49,DE,00+,0
2017-12-09,49,DE,00+,0
2017-12-11,50,DE,00+,0
2017-12-12,50,DE,00+,0
2017-12-13,50,DE,00+,0
2017-12-14,50,DE,00+,0
2017-12-15,50,DE,00+,0
2017-12-16,50,DE,00+,0
2017-12-17,51,DE,00+,0
2017-12-18,51,DE,00+,0
2017-12-19,51,DE,00+,0
2017-12-20,51,DE,00+,0
2017-12-21,51,DE,00+,1
2017-12-22,51,DE,00+,0
2017-12-23,51,DE,00+,0
2017-12-25,52,DE,00+,0
2017-12-26,52,DE,00+,0
2017-12-27,52,DE,00+,0
2017-12-28,52,DE,00+,1
2017-12-29,52,DE,00+,6
2017-12-30,52,DE,00+,2
2017-12-31,53,DE,00+,0
2018-01-01,1,DE,00+,1
2018-01-02,1,DE,00+,5
2018-01-03,1,DE,00+,3
2018-01-04,1,DE,00+,5
2018-01-05,1,DE,00+,4
2018-01-06,1,DE,00+,2
2018-01-07,1,DE,00+,1
2018-01-08,2,DE,00+,4
2018-01-09,2,DE,00+,5
2018-01-10,2,DE,00+,2
2018-01-11,2,DE,00+,2
2018-01-12,2,DE,00+,1
2018-01-13,2,DE,00+,2
2018-01-14,2,DE,00+,1
2018-01-15,3,DE,00+,5
2018-01-16,3,DE,00+,2
2018-01-17,3,DE,00+,3
2018-01-18,3,DE,00+,3
2018-01-19,3,DE,00+,0
2018-01-20,3,DE,00+,1
2018-01-21,3,DE,00+,0
2018-01-22,4,DE,00+,3
2018-01-23,4,DE,00+,2
2018-01-24,4,DE,00+,2
2018-01-25,4,DE,00+,3
2018-01-26,4,DE,00+,1
2018-01-27,4,DE,00+,3
2018-01-28,4,DE,00+,3
2018-01-29,5,DE,00+,5
2018-01-30,5,DE,00+,30
2018-01-31,5,DE,00+,44
2018-02-01,5,DE,00+,34
2018-02-02,5,DE,00+,34
2018-02-03,5,DE,00+,25
2018-02-04,5,DE,00+,0
2018-02-05,6,DE,00+,33
2018-02-06,6,DE,00+,66
2018-02-07,6,DE,00+,66
2018-02-08,6,DE,00+,40
2018-02-09,6,DE,00+,40
2018-02-10,6,DE,00+,36
2018-02-11,6,DE,00+,2
2018-02-12,7,DE,00+,38
2018-02-13,7,DE,00+,75
2018-02-14,7,DE,00+,75
2018-02-15,7,DE,00+,91
2018-02-16,7,DE,00+,100
2018-02-17,7,DE,00+,70
2018-02-18,7,DE,00+,10
2018-02-19,8,DE,00+,92
2018-02-20,8,DE,00+,154
2018-02-21,8,DE,00+,151
2018-02-22,8,DE,00+,127
2018-02-23,8,DE,00+,99
2018-02-24,8,DE,00+,89
2018-02-25,8,DE,00+,4
2018-02-26,9,DE,00+,121
2018-02-27,9,DE,00+,187
2018-02-28,9,DE,00+,162
2018-03-01,9,DE,00+,176
2018-03-02,9,DE,00+,148
2018-03-03,9,DE,00+,80
2018-03-04,9,DE,00+,5
2018-03-05,10,DE,00+,190
2018-03-06,10,DE,00+,303
2018-03-07,10,DE,00+,281
2018-03-08,10,DE,00+,218
2018-03-09,10,DE,00+,196
2018-03-10,10,DE,00+,116
2018-03-11,10,DE,00+,4
2018-03-12,11,DE,00+,199
2018-03-13,11,DE,00+,276
2018-03-14,11,DE,00+,210
2018-03-15,11,DE,00+,168
2018-03-16,11,DE,00+,135
2018-03-17,11,DE,00+,56
2018-03-18,11,DE,00+,10
2018-03-19,12,DE,00+,140
2018-03-20,12,DE,00+,149
2018-03-21,12,DE,00+,105
2018-03-22,12,DE,00+,94
2018-03-23,12,DE,00+,94
2018-03-24,12,DE,00+,41
2018-03-25,12,DE,00+,3
2018-03-26,13,DE,00+,102
2018-03-27,13,DE,00+,125
2018-03-28,13,DE,00+,86
2018-03-29,13,DE,00+,50
2018-03-30,13,DE,00+,9
2018-03-31,13,DE,00+,20
2018-04-01,13,DE,00+,2
2018-04-02,14,DE,00+,4
2018-04-03,14,DE,00+,52
2018-04-04,14,DE,00+,44
2018-04-05,14,DE,00+,26
2018-04-06,14,DE,00+,20
2018-04-07,14,DE,00+,8
2018-04-08,14,DE,00+,1
2018-04-09,15,DE,00+,24
2018-04-10,15,DE,00+,22
2018-04-11,15,DE,00+,12
2018-04-12,15,DE,00+,9
2018-04-13,15,DE,00+,8
2018-04-14,15,DE,00+,2
2018-04-15,15,DE,00+,1
2018-04-16,16,DE,00+,4
2018-04-17,16,DE,00+,9
2018-04-18,16,DE,00+,6
2018-04-19,16,DE,00+,9
2018-04-20,16,DE,00+,4
2018-04-21,16,DE,00+,0
2018-04-22,16,DE,00+,1
2018-04-23,17,DE,00+,1
2018-04-24,17,DE,00+,2
2018-04-25,17,DE,00+,1
2018-04-26,17,DE,00+,0
2018-04-27,17,DE,00+,3
2018-04-28,17,DE,00+,0
2018-04-29,17,DE,00+,0
2018-04-30,18,DE,00+,1
2018-05-01,18,DE,00+,1
2018-05-02,18,DE,00+,0
2018-05-03,18,DE,00+,0
2018-05-04,18,DE,00+,0
2018-05-05,18,DE,00+,0
2018-05-06,18,DE,00+,0
2018-05-07,19,DE,00+,1
2018-05-08,19,DE,00+,0
2018-05-09,19,DE,00+,0
2018-05-10,19,DE,00+,1
2018-05-11,19,DE,00+,0
2018-05-12,19,DE,00+,0
2018-05-13,19,DE,00+,0
2018-05-14,20,DE,00+,0
2018-05-15,20,DE,00+,0
2018-05-16,20,DE,00+,0
2018-05-17,20,DE,00+,0
2018-05-18,20,DE,00+,0
2018-05-19,20,DE,00+,0
2018-05-20,20,DE,00+,0
2018-05-21,21,DE,00+,0
2018-05-22,21,DE,00+,1
2018-05-23,21,DE,00+,0
2018-05-24,21,DE,00+,0
2018-05-25,21,DE,00+,0
2018-05-26,21,DE,00+,0
2018-05-27,21,DE,00+,0
2018-05-28,22,DE,00+,2
2018-05-29,22,DE,00+,0
2018-05-30,22,DE,00+,0
2018-05-31,22,DE,00+,0
2018-06-01,22,DE,00+,0
2018-06-02,22,DE,00+,0
2018-06-03,22,DE,00+,0
2018-06-04,23,DE,00+,0
2018-06-05,23,DE,00+,1
2018-06-06,23,DE,00+,0
2018-06-07,23,DE,00+,0
2018-06-08,23,DE,00+,0
2018-06-09,23,DE,00+,0
2018-06-11,24,DE,00+,0
2018-06-12,24,DE,00+,0
2018-06-13,24,DE,00+,0
2018-06-14,24,DE,00+,0
2018-06-15,24,DE,00+,0
2018-06-16,24,DE,00+,0
2018-06-17,24,DE,00+,0
2018-06-18,25,DE,00+,0
2018-06-19,25,DE,00+,0
2018-06-20,25,DE,00+,0
2018-06-21,25,DE,00+,0
2018-06-22,25,DE,00+,0
2018-06-23,25,DE,00+,0
2018-06-24,25,DE,00+,0
2018-06-25,26,DE,00+,0
2018-06-26,26,DE,00+,0
2018-06-27,26,DE,00+,0
2018-06-28,26,DE,00+,0
2018-06-29,26,DE,00+,0
2018-06-30,26,DE,00+,0
2018-07-01,26,DE,00+,0
2018-07-02,27,DE,00+,0
2018-07-03,27,DE,00+,0
2018-07-04,27,DE,00+,0
2018-07-05,27,DE,00+,0
2018-07-06,27,DE,00+,0
2018-07-07,27,DE,00+,0
2018-07-08,27,DE,00+,0
2018-07-09,28,DE,00+,0
2018-07-10,28,DE,00+,0
2018-07-11,28,DE,00+,0
2018-07-12,28,DE,00+,0
2018-07-13,28,DE,00+,0
2018-07-14,28,DE,00+,0
2018-07-15,28,DE,00+,0
2018-07-16,29,DE,00+,0
2018-07-17,29,DE,00+,0
2018-07-18,29,DE,00+,0
2018-07-19,29,DE,00+,0
2018-07-20,29,DE,00+,0
2018-07-21,29,DE,00+,0
2018-07-22,29,DE,00+,0
2018-07-23,30,DE,00+,0
2018-07-24,30,DE,00+,0
2018-07-25,30,DE,00+,0
2018-07-26,30,DE,00+,0
2018-07-27,30,DE,00+,0
2018-07-28,30,DE,00+,0
2018-07-30,31,DE,00+,0
2018-07-31,31,DE,00+,0
2018-08-01,31,DE,00+,0
2018-08-02,31,DE,00+,0
2018-08-03,31,DE,00+,0
2018-08-04,31,DE,00+,0
2018-08-05,31,DE,00+,0
2018-08-06,32,DE,00+,0
2018-08-07,32,DE,00+,0
2018-08-08,32,DE,00+,0
2018-08-09,32,DE,00+,0
2018-08-10,32,DE,00+,0
2018-08-11,32,DE,00+,0
2018-08-12,32,DE,00+,0
2018-08-13,33,DE,00+,0
2018-08-14,33,DE,00+,0
2018-08-15,33,DE,00+,0
2018-08-16,33,DE,00+,0
2018-08-17,33,DE,00+,0
2018-08-18,33,DE,00+,0
2018-08-19,33,DE,00+,0
2018-08-20,34,DE,00+,0
2018-08-21,34,DE,00+,0
2018-08-22,34,DE,00+,0
2018-08-23,34,DE,00+,0
2018-08-24,34,DE,00+,0
2018-08-25,34,DE,00+,0
2018-08-27,35,DE,00+,0
2018-08-28,35,DE,00+,0
2018-08-29,35,DE,00+,0
2018-08-30,35,DE,00+,0
2018-08-31,35,DE,00+,0
2018-09-01,35,DE,00+,0
2018-09-02,35,DE,00+,0
2018-09-03,36,DE,00+,0
2018-09-04,36,DE,00+,0
2018-09-05,36,DE,00+,0
2018-09-06,36,DE,00+,0
2018-09-07,36,DE,00+,0
2018-09-08,36,DE,00+,0
2018-09-09,36,DE,00+,0
2018-09-10,37,DE,00+,0
2018-09-11,37,DE,00+,0
2018-09-12,37,DE,00+,0
2018-09-13,37,DE,00+,0
2018-09-14,37,DE,00+,0
2018-09-15,37,DE,00+,0
2018-09-16,37,DE,00+,0
2018-09-17,38,DE,00+,0
2018-09-18,38,DE,00+,0
2018-09-19,38,DE,00+,0
2018-09-20,38,DE,00+,0
2018-09-21,38,DE,00+,0
2018-09-22,38,DE,00+,0
2018-09-23,38,DE,00+,0
2018-09-24,39,DE,00+,0
2018-09-25,39,DE,00+,0
2018-09-26,39,DE,00+,0
2018-09-27,39,DE,00+,0
2018-09-28,39,DE,00+,0
2018-09-29,39,DE,00+,0
2018-10-01,40,DE,00+,0
2018-10-02,40,DE,00+,0
2018-10-03,40,DE,00+,0
2018-10-04,40,DE,00+,0
2018-10-05,40,DE,00+,0
2018-10-06,40,DE,00+,0
2018-10-07,40,DE,00+,0
2018-10-08,41,DE,00+,0
2018-10-09,41,DE,00+,0
2018-10-10,41,DE,00+,0
2018-10-11,41,DE,00+,0
2018-10-12,41,DE,00+,0
2018-10-13,41,DE,00+,0
2018-10-14,41,DE,00+,1
2018-10-15,42,DE,00+,0
2018-10-16,42,DE,00+,0
2018-10-17,42,DE,00+,0
2018-10-18,42,DE,00+,0
2018-10-19,42,DE,00+,0
2018-10-20,42,DE,00+,0
2018-10-21,42,DE,00+,0
2018-10-22,43,DE,00+,0
2018-10-23,43,DE,00+,0
2018-10-24,43,DE,00+,0
2018-10-25,43,DE,00+,0
2018-10-26,43,DE,00+,0
2018-10-27,43,DE,00+,0
2018-10-28,43,DE,00+,0
2018-10-29,44,DE,00+,0
2018-10-30,44,DE,00+,0
2018-10-31,44,DE,00+,0
2018-11-01,44,DE,00+,0
2018-11-02,44,DE,00+,0
2018-11-03,44,DE,00+,0
2018-11-04,44,DE,00+,0
2018-11-05,45,DE,00+,0
2018-11-06,45,DE,00+,0
2018-11-07,45,DE,00+,0
2018-11-08,45,DE,00+,0
2018-11-09,45,DE,00+,0
2018-11-10,45,DE,00+,0
2018-11-11,45,DE,00+,0
2018-11-12,46,DE,00+,0
2018-11-13,46,DE,00+,1
2018-11-14,46,DE,00+,0
2018-11-15,46,DE,00+,0
2018-11-16,46,DE,00+,0
2018-11-17,46,DE,00+,0
2018-11-18,46,DE,00+,0
2018-11-19,47,DE,00+,0
2018-11-20,47,DE,00+,0
2018-11-21,47,DE,00+,0
2018-11-22,47,DE,00+,1
2018-11-23,47,DE,00+,0
2018-11-24,47,DE,00+,0
2018-11-25,47,DE,00+,0
2018-11-26,48,DE,00+,1
2018-11-27,48,DE,00+,0
2018-11-28,48,DE,00+,0
2018-11-29,48,DE,00+,1
2018-11-30,48,DE,00+,0
2018-12-01,48,DE,00+,0
2018-12-02,48,DE,00+,0
2018-12-03,49,DE,00+,0
2018-12-04,49,DE,00+,1
2018-12-05,49,DE,00+,0
2018-12-06,49,DE,00+,0
2018-12-07,49,DE,00+,1
2018-12-08,49,DE,00+,0
2018-12-09,49,DE,00+,0
2018-12-10,50,DE,00+,0
2018-12-11,50,DE,00+,0
2018-12-12,50,DE,00+,1
2018-12-13,50,DE,00+,1
2018-12-14,50,DE,00+,1
2018-12-15,50,DE,00+,0
2018-12-16,50,DE,00+,1
2018-12-17,51,DE,00+,2
2018-12-18,51,DE,00+,0
2018-12-19,51,DE,00+,0
2018-12-20,51,DE,00+,0
2018-12-21,51,DE,00+,0
2018-12-22,51,DE,00+,0
2018-12-23,51,DE,00+,0
2018-12-24,52,DE,00+,3
2018-12-25,52,DE,00+,0
2018-12-26,52,DE,00+,0
2018-12-27,52,DE,00+,0
2018-12-28,52,DE,00+,3
2018-12-29,52,DE,00+,5
2018-12-30,52,DE,00+,3
2018-12-31,53,DE,00+,1
2019-01-01,1,DE,00+,0
2019-01-02,1,DE,00+,3
2019-01-03,1,DE,00+,0
2019-01-04,1,DE,00+,1
2019-01-05,1,DE,00+,0
2019-01-06,1,DE,00+,1
2019-01-07,1,DE,00+,1
2019-01-08,2,DE,00+,3
2019-01-09,2,DE,00+,2
2019-01-10,2,DE,00+,2
2019-01-11,2,DE,00+,2
2019-01-12,2,DE,00+,3
2019-01-13,2,DE,00+,1
2019-01-14,2,DE,00+,2
2019-01-15,3,DE,00+,0
2019-01-16,3,DE,00+,2
2019-01-17,3,DE,00+,1
2019-01-18,3,DE,00+,1
2019-01-19,3,DE,00+,3
2019-01-20,3,DE,00+,0
2019-01-21,3,DE,00+,2
2019-01-22,4,DE,00+,5
2019-01-23,4,DE,00+,6
2019-01-24,4,DE,00+,2
2019-01-25,4,DE,00+,9
2019-01-26,4,DE,00+,2
2019-01-27,4,DE,00+,1
2019-01-28,4,DE,00+,11
2019-01-29,5,DE,00+,6
2019-01-30,5,DE,00+,11
2019-01-31,5,DE,00+,14
2019-02-01,5,DE,00+,7
2019-02-02,5,DE,00+,1
2019-02-03,5,DE,00+,0
2019-02-04,5,DE,00+,18
2019-02-05,6,DE,00+,17
2019-02-06,6,DE,00+,8
2019-02-07,6,DE,00+,12
2019-02-08,6,DE,00+,14
2019-02-09,6,DE,00+,2
2019-02-10,6,DE,00+,0
2019-02-11,6,DE,00+,24
2019-02-12,7,DE,00+,22
2019-02-13,7,DE,00+,12
2019-02-14,7,DE,00+,17
2019-02-15,7,DE,00+,21
2019-02-16,7,DE,00+,4
2019-02-17,7,DE,00+,3
2019-02-18,7,DE,00+,33
2019-02-19,8,DE,00+,14
2019-02-20,8,DE,00+,24
2019-02-21,8,DE,00+,26
2019-02-22,8,DE,00+,38
2019-02-23,8,DE,00+,3
2019-02-24,8,DE,00+,4
2019-02-25,8,DE,00+,40
2019-02-26,9,DE,00+,24
2019-02-27,9,DE,00+,22
2019-02-28,9,DE,00+,20
2019-03-01,9,DE,00+,19
2019-03-02,9,DE,00+,4
2019-03-03,9,DE,00+,1
2019-03-04,9,DE,00+,23
2019-03-05,10,DE,00+,18
2019-03-06,10,DE,00+,19
2019-03-07,10,DE,00+,19
2019-03-08,10,DE,00+,12
2019-03-09,10,DE,00+,4
2019-03-10,10,DE,00+,3
2019-03-11,10,DE,00+,30
2019-03-12,11,DE,00+,18
2019-03-13,11,DE,00+,10
2019-03-14,11,DE,00+,15
2019-03-15,11,DE,00+,6
2019-03-16,11,DE,00+,0
2019-03-17,11,DE,00+,1
2019-03-18,11,DE,00+,19
2019-03-19,12,DE,00+,10
2019-03-20,12,DE,00+,10
2019-03-21,12,DE,00+,11
2019-03-22,12,DE,00+,4
2019-03-23,12,DE,00+,1
2019-03-24,12,DE,00+,0
2019-03-25,12,DE,00+,18
2019-03-26,13,DE,00+,9
2019-03-27,13,DE,00+,8
2019-03-28,13,DE,00+,9
2019-03-29,13,DE,00+,3
2019-03-30,13,DE,00+,2
2019-03-31,13,DE,00+,0
2019-04-01,13,DE,00+,18
2019-04-02,14,DE,00+,8
2019-04-03,14,DE,00+,7
2019-04-04,14,DE,00+,7
2019-04-05,14,DE,00+,3
2019-04-06,14,DE,00+,1
2019-04-07,14,DE,00+,3
2019-04-08,14,DE,00+,13
2019-04-09,15,DE,00+,10
2019-04-10,15,DE,00+,6
2019-04-11,15,DE,00+,4
2019-04-12,15,DE,00+,1
2019-04-13,15,DE,00+,1
2019-04-14,15,DE,00+,0
2019-04-15,15,DE,00+,7
2019-04-16,16,DE,00+,3
2019-04-17,16,DE,00+,0
2019-04-18,16,DE,00+,2
2019-04-19,16,DE,00+,1
2019-04-20,16,DE,00+,0
2019-04-21,16,DE,00+,1
2019-04-22,16,DE,00+,0
2019-04-23,17,DE,00+,10
2019-04-24,17,DE,00+,3
2019-04-25,17,DE,00+,1
2019-04-26,17,DE,00+,2
2019-04-27,17,DE,00+,0
2019-04-28,17,DE,00+,0
2019-04-29,17,DE,00+,2
2019-04-30,18,DE,00+,0
2019-05-01,18,DE,00+,0
2019-05-02,18,DE,00+,1
2019-05-03,18,DE,00+,2
2019-05-04,18,DE,00+,0
2019-05-05,18,DE,00+,0
2019-05-06,18,DE,00+,1
2019-05-07,19,DE,00+,0
2019-05-08,19,DE,00+,0
2019-05-09,19,DE,00+,1
2019-05-10,19,DE,00+,0
2019-05-11,19,DE,00+,1
2019-05-12,19,DE,00+,0
2019-05-13,19,DE,00+,0
2019-05-14,20,DE,00+,1
2019-05-15,20,DE,00+,0
2019-05-16,20,DE,00+,0
2019-05-17,20,DE,00+,0
2019-05-18,20,DE,00+,0
2019-05-19,20,DE,00+,0
2019-05-20,20,DE,00+,1
2019-05-21,21,DE,00+,0
2019-05-22,21,DE,00+,0
2019-05-23,21,DE,00+,0
2019-05-24,21,DE,00+,0
2019-05-25,21,DE,00+,0
2019-05-26,21,DE,00+,0
2019-05-27,21,DE,00+,0
2019-05-28,22,DE,00+,1
2019-05-29,22,DE,00+,0
2019-05-30,22,DE,00+,0
2019-05-31,22,DE,00+,0
2019-06-01,22,DE,00+,0
2019-06-02,22,DE,00+,0
2019-06-03,22,DE,00+,1
2019-06-04,23,DE,00+,0
2019-06-05,23,DE,00+,0
2019-06-06,23,DE,00+,2
2019-06-07,23,DE,00+,0
2019-06-08,23,DE,00+,0
2019-06-09,23,DE,00+,0
2019-06-11,24,DE,00+,0
2019-06-12,24,DE,00+,1
2019-06-13,24,DE,00+,0
2019-06-14,24,DE,00+,0
2019-06-15,24,DE,00+,0
2019-06-16,24,DE,00+,0
2019-06-17,24,DE,00+,0
2019-06-18,25,DE,00+,0
2019-06-19,25,DE,00+,0
2019-06-20,25,DE,00+,0
2019-06-21,25,DE,00+,0
2019-06-22,25,DE,00+,0
2019-06-24,25,DE,00+,0
2019-06-25,26,DE,00+,0
2019-06-26,26,DE,00+,0
2019-06-27,26,DE,00+,0
2019-06-28,26,DE,00+,0
2019-06-29,26,DE,00+,0
2019-06-30,26,DE,00+,0
2019-07-01,26,DE,00+,0
2019-07-02,27,DE,00+,0
2019-07-03,27,DE,00+,0
2019-07-04,27,DE,00+,0
2019-07-05,27,DE,00+,0
2019-07-06,27,DE,00+,0
2019-07-07,27,DE,00+,0
2019-07-08,27,DE,00+,0
2019-07-09,28,DE,00+,0
2019-07-10,28,DE,00+,1
2019-07-11,28,DE,00+,1
2019-07-12,28,DE,00+,0
2019-07-13,28,DE,00+,0
2019-07-14,28,DE,00+,0
2019-07-15,28,DE,00+,0
2019-07-16,29,DE,00+,0
2019-07-17,29,DE,00+,0
2019-07-18,29,DE,00+,0
2019-07-19,29,DE,00+,0
2019-07-20,29,DE,00+,0
2019-07-21,29,DE,00+,0
2019-07-22,29,DE,00+,0
2019-07-23,30,DE,00+,0
2019-07-24,30,DE,00+,0
2019-07-25,30,DE,00+,0
2019-07-26,30,DE,00+,0
2019-07-27,30,DE,00+,0
2019-07-28,30,DE,00+,0
2019-07-29,30,DE,00+,0
2019-07-30,31,DE,00+,1
2019-07-31,31,DE,00+,0
2019-08-01,31,DE,00+,0
2019-08-02,31,DE,00+,1
2019-08-03,31,DE,00+,0
2019-08-04,31,DE,00+,0
2019-08-05,31,DE,00+,1
2019-08-06,32,DE,00+,0
2019-08-07,32,DE,00+,0
2019-08-08,32,DE,00+,0
2019-08-09,32,DE,00+,0
2019-08-10,32,DE,00+,0
2019-08-11,32,DE,00+,0
2019-08-12,32,DE,00+,0
2019-08-13,33,DE,00+,0
2019-08-14,33,DE,00+,0
2019-08-15,33,DE,00+,0
2019-08-16,33,DE,00+,0
2019-08-17,33,DE,00+,0
2019-08-18,33,DE,00+,0
2019-08-19,33,DE,00+,1
2019-08-20,34,DE,00+,0
2019-08-21,34,DE,00+,0
2019-08-22,34,DE,00+,0
2019-08-23,34,DE,00+,0
2019-08-24,34,DE,00+,0
2019-08-25,34,DE,00+,0
2019-08-26,34,DE,00+,0
2019-08-27,35,DE,00+,0
2019-08-28,35,DE,00+,0
2019-08-29,35,DE,00+,0
2019-08-30,35,DE,00+,0
2019-08-31,35,DE,00+,0
2019-09-01,35,DE,00+,0
2019-09-02,35,DE,00+,0
2019-09-03,36,DE,00+,0
2019-09-04,36,DE,00+,0
2019-09-05,36,DE,00+,0
2019-09-06,36,DE,00+,1
2019-09-07,36,DE,00+,0
2019-09-08,36,DE,00+,0
2019-09-09,36,DE,00+,0
2019-09-10,37,DE,00+,0
2019-09-11,37,DE,00+,1
2019-09-12,37,DE,00+,0
2019-09-13,37,DE,00+,0
2019-09-14,37,DE,00+,0
2019-09-15,37,DE,00+,0
2019-09-16,37,DE,00+,0
2019-09-17,38,DE,00+,0
2019-09-18,38,DE,00+,0
2019-09-19,38,DE,00+,0
2019-09-20,38,DE,00+,0
2019-09-21,38,DE,00+,0
2019-09-22,38,DE,00+,0
2019-09-23,38,DE,00+,0
2019-09-24,39,DE,00+,0
2019-09-25,39,DE,00+,0
2019-09-26,39,DE,00+,0
2019-09-27,39,DE,00+,0
2019-09-28,39,DE,00+,0
2019-09-29,39,DE,00+,0
2019-09-30,39,DE,00+,0
2019-10-01,40,DE,00+,0
2019-10-02,40,DE,00+,0
2019-10-03,40,DE,00+,0
2019-10-04,40,DE,00+,0
2019-10-05,40,DE,00+,0
2019-10-06,40,DE,00+,0
2019-10-07,40,DE,00+,2
2019-10-08,41,DE,00+,0
2019-10-09,41,DE,00+,0
2019-10-10,41,DE,00+,0
2019-10-11,41,DE,00+,0
2019-10-12,41,DE,00+,0
2019-10-13,41,DE,00+,0
2019-10-14,41,DE,00+,0
2019-10-15,42,DE,00+,0
2019-10-16,42,DE,00+,0
2019-10-17,42,DE,00+,0
2019-10-18,42,DE,00+,0
2019-10-19,42,DE,00+,0
2019-10-21,42,DE,00+,0
2019-10-22,43,DE,00+,0
2019-10-23,43,DE,00+,0
2019-10-24,43,DE,00+,0
2019-10-25,43,DE,00+,0
2019-10-26,43,DE,00+,0
2019-10-27,43,DE,00+,0
2019-10-28,43,DE,00+,0
2019-10-29,44,DE,00+,0
2019-10-30,44,DE,00+,0
2019-10-31,44,DE,00+,0
2019-11-01,44,DE,00+,0
2019-11-02,44,DE,00+,0
2019-11-03,44,DE,00+,0
2019-11-04,44,DE,00+,0
2019-11-05,45,DE,00+,1
2019-11-06,45,DE,00+,0
2019-11-07,45,DE,00+,0
2019-11-08,45,DE,00+,1
2019-11-09,45,DE,00+,0
2019-11-10,45,DE,00+,0
2019-11-11,45,DE,00+,0
2019-11-12,46,DE,00+,0
2019-11-13,46,DE,00+,0
2019-11-14,46,DE,00+,0
2019-11-15,46,DE,00+,0
2019-11-16,46,DE,00+,0
2019-11-17,46,DE,00+,0
2019-11-18,46,DE,00+,0
2019-11-19,47,DE,00+,0
2019-11-20,47,DE,00+,0
2019-11-21,47,DE,00+,1
2019-11-22,47,DE,00+,0
2019-11-23,47,DE,00+,0
2019-11-24,47,DE,00+,0
2019-11-25,47,DE,00+,0
2019-11-26,48,DE,00+,0
2019-11-27,48,DE,00+,0
2019-11-28,48,DE,00+,0
2019-11-29,48,DE,00+,0
2019-11-30,48,DE,00+,3
2019-12-01,48,DE,00+,0
2019-12-02,48,DE,00+,1
2019-12-03,49,DE,00+,3
2019-12-04,49,DE,00+,0
2019-12-05,49,DE,00+,2
2019-12-06,49,DE,00+,2
2019-12-07,49,DE,00+,0
2019-12-08,49,DE,00+,0
2019-12-09,49,DE,00+,5
2019-12-10,50,DE,00+,2
2019-12-11,50,DE,00+,5
2019-12-12,50,DE,00+,2
2019-12-13,50,DE,00+,4
2019-12-14,50,DE,00+,0
2019-12-15,50,DE,00+,0
2019-12-16,50,DE,00+,8
2019-12-17,51,DE,00+,21
2019-12-18,51,DE,00+,9
2019-12-19,51,DE,00+,8
2019-12-20,51,DE,00+,9
2019-12-21,51,DE,00+,0
2019-12-22,51,DE,00+,0
2019-12-23,51,DE,00+,18
2019-12-24,52,DE,00+,0
2019-12-25,52,DE,00+,0
2019-12-26,52,DE,00+,1
2019-12-27,52,DE,00+,12
2019-12-28,52,DE,00+,1
2019-12-29,52,DE,00+,0
2019-12-30,52,DE,00+,13
2019-12-31,53,DE,00+,2
2020-01-01,1,DE,00+,0
2020-01-02,1,DE,00+,3
2020-01-03,1,DE,00+,7
2020-01-04,1,DE,00+,0
2020-01-05,1,DE,00+,0
2020-01-06,1,DE,00+,2
2020-01-07,1,DE,00+,13
2020-01-08,2,DE,00+,12
2020-01-09,2,DE,00+,6
2020-01-10,2,DE,00+,6
2020-01-11,2,DE,00+,1
2020-01-12,2,DE,00+,1
2020-01-13,2,DE,00+,18
2020-01-14,2,DE,00+,9
2020-01-15,3,DE,00+,13
2020-01-16,3,DE,00+,12
2020-01-17,3,DE,00+,13
2020-01-18,3,DE,00+,0
2020-01-19,3,DE,00+,1
2020-01-20,3,DE,00+,7
2020-01-21,3,DE,00+,2
2020-01-22,4,DE,00+,7
2020-01-23,4,DE,00+,7
2020-01-24,4,DE,00+,7
2020-01-25,4,DE,00+,2
2020-01-26,4,DE,00+,2
2020-01-27,4,DE,00+,9
2020-01-28,4,DE,00+,1
2020-01-29,5,DE,00+,3
2020-01-30,5,DE,00+,4
2020-01-31,5,DE,00+,8
2020-02-01,5,DE,00+,2
2020-02-02,5,DE,00+,1
2020-02-03,5,DE,00+,7
2020-02-04,5,DE,00+,7
2020-02-05,6,DE,00+,7
2020-02-06,6,DE,00+,9
2020-02-07,6,DE,00+,5
2020-02-08,6,DE,00+,2
2020-02-09,6,DE,00+,1
2020-02-10,6,DE,00+,3
2020-02-11,6,DE,00+,2
2020-02-12,7,DE,00+,4
2020-02-13,7,DE,00+,5
2020-02-14,7,DE,00+,2
2020-02-15,7,DE,00+,1
2020-02-16,7,DE,00+,0
2020-02-17,7,DE,00+,6
2020-02-18,7,DE,00+,8
2020-02-19,8,DE,00+,10
2020-02-20,8,DE,00+,13
2020-02-21,8,DE,00+,5
2020-02-22,8,DE,00+,2
2020-02-23,8,DE,00+,1
2020-02-24,8,DE,00+,13
2020-02-25,8,DE,00+,12
2020-02-26,9,DE,00+,17
2020-02-27,9,DE,00+,12
2020-02-28,9,DE,00+,12
2020-02-29,9,DE,00+,10
2020-03-01,9,DE,00+,15
2020-03-02,9,DE,00+,24
2020-03-03,9,DE,00+,18
2020-03-04,10,DE,00+,7
2020-03-05,10,DE,00+,7
2020-03-06,10,DE,00+,6
2020-03-07,10,DE,00+,5
2020-03-08,10,DE,00+,4
2020-03-09,10,DE,00+,34
2020-03-10,10,DE,00+,21
2020-03-11,11,DE,00+,20
2020-03-12,11,DE,00+,20
2020-03-13,11,DE,00+,26
2020-03-14,11,DE,00+,6
2020-03-15,11,DE,00+,4
2020-03-16,11,DE,00+,16
2020-03-17,11,DE,00+,10
2020-03-18,12,DE,00+,9
2020-03-19,12,DE,00+,12
2020-03-20,12,DE,00+,8
2020-03-21,12,DE,00+,4
2020-03-22,12,DE,00+,1
2020-03-23,12,DE,00+,5
2020-03-24,12,DE,00+,6
2020-03-25,13,DE,00+,3
2020-03-26,13,DE,00+,4
2020-03-27,13,DE,00+,1
2020-03-28,13,DE,00+,1
2020-03-29,13,DE,00+,0
2020-03-30,13,DE,00+,3
2020-03-31,13,DE,00+,1
2020-04-01,14,DE,00+,1
2020-04-02,14,DE,00+,0
2020-04-03,14,DE,00+,3
2020-04-04,14,DE,00+,0
2020-04-05,14,DE,00+,0
2020-04-06,14,DE,00+,1
2020-04-07,14,DE,00+,1
2020-04-08,15,DE,00+,0
2020-04-09,15,DE,00+,1
2020-04-10,15,DE,00+,0
2020-04-11,15,DE,00+,0
2020-04-12,15,DE,00+,0
2020-04-13,15,DE,00+,0
2020-04-14,15,DE,00+,0
2020-04-15,16,DE,00+,0
2020-04-16,16,DE,00+,0
2020-04-17,16,DE,00+,0
2020-04-18,16,DE,00+,0
2020-04-19,16,DE,00+,0
2020-04-20,16,DE,00+,0
2020-04-21,16,DE,00+,0
2020-04-22,17,DE,00+,0
2020-04-23,17,DE,00+,0
2020-04-24,17,DE,00+,0
2020-04-25,17,DE,00+,0
2020-04-26,17,DE,00+,0
2020-04-27,17,DE,00+,0
2020-04-28,17,DE,00+,0
2020-04-29,18,DE,00+,0
2020-04-30,18,DE,00+,0
2020-05-01,18,DE,00+,0
2020-05-02,18,DE,00+,0
2020-05-03,18,DE,00+,0
2020-05-04,18,DE,00+,0
2020-05-05,18,DE,00+,0
2020-05-06,19,DE,00+,0
2020-05-07,19,DE,00+,0
2020-05-08,19,DE,00+,0
2020-05-09,19,DE,00+,0
2020-05-10,19,DE,00+,0
2020-05-11,19,DE,00+,0
2020-05-12,19,DE,00+,0
2020-05-13,20,DE,00+,0
2020-05-14,20,DE,00+,0
2020-05-15,20,DE,00+,1
2020-05-16,20,DE,00+,0
2020-05-17,20,DE,00+,0
2020-05-18,20,DE,00+,0
2020-05-19,20,DE,00+,0
2020-05-20,21,DE,00+,0
2020-05-21,21,DE,00+,0
2020-05-22,21,DE,00+,0
2020-05-23,21,DE,00+,0
2020-05-24,21,DE,00+,0
2020-05-25,21,DE,00+,0
2020-05-26,21,DE,00+,0
2020-05-27,22,DE,00+,0
2020-05-28,22,DE,00+,0
2020-05-29,22,DE,00+,0
2020-05-30,22,DE,00+,0
2020-05-31,22,DE,00+,0
2020-06-01,22,DE,00+,0
2020-06-02,22,DE,00+,0
2020-06-03,23,DE,00+,0
2020-06-04,23,DE,00+,0
2020-06-05,23,DE,00+,0
2020-06-06,23,DE,00+,0
2020-06-07,23,DE,00+,0
2020-06-08,23,DE,00+,0
2020-06-09,23,DE,00+,0
2020-06-10,24,DE,00+,0
2020-06-11,24,DE,00+,0
2020-06-12,24,DE,00+,0
2020-06-13,24,DE,00+,0
2020-06-14,24,DE,00+,0
2020-06-15,24,DE,00+,0
2020-06-16,24,DE,00+,0
2020-06-17,25,DE,00+,0
2020-06-18,25,DE,00+,0
2020-06-19,25,DE,00+,0
2020-06-20,25,DE,00+,0
2020-06-21,25,DE,00+,0
2020-06-22,25,DE,00+,0
2020-06-23,25,DE,00+,0
2020-06-24,26,DE,00+,0
2020-06-25,26,DE,00+,0
2020-06-26,26,DE,00+,0
2020-06-27,26,DE,00+,0
2020-06-28,26,DE,00+,0
2020-06-29,26,DE,00+,0
2020-06-30,26,DE,00+,0
2020-07-01,27,DE,00+,0
2020-07-02,27,DE,00+,0
2020-07-03,27,DE,00+,0
2020-07-04,27,DE,00+,0
2020-07-05,27,DE,00+,0
2020-07-06,27,DE,00+,0
2020-07-07,27,DE,00+,0
2020-07-08,28,DE,00+,0
2020-07-09,28,DE,00+,0
2020-07-10,28,DE,00+,0
2020-07-11,28,DE,00+,0
2020-07-12,28,DE,00+,0
2020-07-13,28,DE,00+,0
2020-07-14,28,DE,00+,0
2020-07-15,29,DE,00+,0
2020-07-16,29,DE,00+,0
2020-07-17,29,DE,00+,0
2020-07-18,29,DE,00+,0
2020-07-19,29,DE,00+,0
2020-07-20,29,DE,00+,0
2020-07-21,29,DE,00+,0
2020-07-22,30,DE,00+,0
2020-07-23,30,DE,00+,0
2020-07-24,30,DE,00+,0
2020-07-25,30,DE,00+,0
2020-07-26,30,DE,00+,0
2020-07-27,30,DE,00+,0
2020-07-28,30,DE,00+,0
2020-07-29,31,DE,00+,0
2020-07-30,31,DE,00+,0
2020-07-31,31,DE,00+,0
2020-08-01,31,DE,00+,0
2020-08-02,31,DE,00+,0
2020-08-03,31,DE,00+,0
2020-08-04,31,DE,00+,0
2020-08-05,32,DE,00+,0
2020-08-06,32,DE,00+,0
2020-08-07,32,DE,00+,0
2020-08-08,32,DE,00+,0
2020-08-09,32,DE,00+,0
2020-08-10,32,DE,00+,0
2020-08-11,32,DE,00+,0
2020-08-12,33,DE,00+,0
2020-08-13,33,DE,00+,0
2020-08-14,33,DE,00+,0
2020-08-15,33,DE,00+,0
2020-08-16,33,DE,00+,0
2020-08-17,33,DE,00+,0
2020-08-18,33,DE,00+,0
2020-08-19,34,DE,00+,0
2020-08-20,34,DE,00+,0
2020-08-21,34,DE,00+,0
2020-08-22,34,DE,00+,0
2020-08-23,34,DE,00+,0
2020-08-24,34,DE,00+,0
2020-08-25,34,DE,00+,0
2020-08-26,35,DE,00+,0
2020-08-27,35,DE,00+,0
2020-08-28,35,DE,00+,0
2020-08-29,35,DE,00+,0
2020-08-30,35,DE,00+,0
2020-08-31,35,DE,00+,0
2020-09-01,35,DE,00+,0
2020-09-02,36,DE,00+,0
2020-09-03,36,DE,00+,0
2020-09-04,36,DE,00+,0
2020-09-05,36,DE,00+,0
2020-09-06,36,DE,00+,0
2020-09-07,36,DE,00+,0
2020-09-08,36,DE,00+,0
2020-09-09,37,DE,00+,0
2020-09-10,37,DE,00+,0
2020-09-11,37,DE,00+,0
2020-09-12,37,DE,00+,0
2020-09-13,37,DE,00+,0
2020-09-14,37,DE,00+,0
2020-09-15,37,DE,00+,0
2020-09-16,38,DE,00+,0
2020-09-17,38,DE,00+,0
2020-09-18,38,DE,00+,0
2020-09-19,38,DE,00+,0
2020-09-20,38,DE,00+,0
2020-09-21,38,DE,00+,0
2020-09-22,38,DE,00+,0
2020-09-23,39,DE,00+,0
2020-09-24,39,DE,00+,0
2020-09-25,39,DE,00+,0
2020-09-26,39,DE,00+,0
2020-09-27,39,DE,00+,0
2020-09-28,39,DE,00+,0
2020-09-29,39,DE,00+,0
2020-09-30,40,DE,00+,0
2020-10-01,40,DE,00+,0
2020-10-02,40,DE,00+,0
2020-10-03,40,DE,00+,0
2020-10-04,40,DE,00+,0
2020-10-05,40,DE,00+,0
2020-10-06,40,DE,00+,0
2020-10-07,41,DE,00+,0
2020-10-08,41,DE,00+,0
2020-10-09,41,DE,00+,0
2020-10-10,41,DE,00+,0
2020-10-11,41,DE,00+,0
2020-10-12,41,DE,00+,0
2020-10-13,41,DE,00+,0
2020-10-14,42,DE,00+,0
2020-10-15,42,DE,00+,1
2020-10-16,42,DE,00+,0
2020-10-17,42,DE,00+,0
2020-10-18,42,DE,00+,0
2020-10-19,42,DE,00+,0
2020-10-20,42,DE,00+,0
2020-10-21,43,DE,00+,0
2020-10-22,43,DE,00+,0
2020-10-23,43,DE,00+,0
2020-10-24,43,DE,00+,0
2020-10-25,43,DE,00+,0
2020-10-26,43,DE,00+,0
2020-10-27,43,DE,00+,0
2020-10-28,44,DE,00+,0
2020-10-29,44,DE,00+,0
2020-10-30,44,DE,00+,0
2020-10-31,44,DE,00+,0
2020-11-01,44,DE,00+,0
2020-11-02,44,DE,00+,0
2020-11-03,44,DE,00+,0
2020-11-04,45,DE,00+,0
2020-11-05,45,DE,00+,0
2020-11-06,45,DE,00+,0
2020-11-07,45,DE,00+,0
2020-11-08,45,DE,00+,0
2020-11-09,45,DE,00+,0
2020-11-10,45,DE,00+,0
2020-11-11,46,DE,00+,0
2020-11-12,46,DE,00+,0
2020-11-13,46,DE,00+,0
2020-11-14,46,DE,00+,0
2020-11-15,46,DE,00+,0
2020-11-16,46,DE,00+,0
2020-11-17,46,DE,00+,0
2020-11-18,47,DE,00+,0
2020-11-19,47,DE,00+,0
2020-11-20,47,DE,00+,0
2020-11-21,47,DE,00+,0
2020-11-22,47,DE,00+,0
2020-11-23,47,DE,00+,0
2020-11-24,47,DE,00+,0
2020-11-25,48,DE,00+,0
2020-11-26,48,DE,00+,0
2020-11-27,48,DE,00+,0
2020-11-28,48,DE,00+,0
2020-11-29,48,DE,00+,0
2020-11-30,48,DE,00+,0
2020-12-01,48,DE,00+,0
2020-12-02,49,DE,00+,0
2020-12-03,49,DE,00+,0
2020-12-04,49,DE,00+,0
2020-12-05,49,DE,00+,0
2020-12-06,49,DE,00+,0
2020-12-07,49,DE,00+,0
2020-12-08,49,DE,00+,0
2020-12-09,50,DE,00+,0
2020-12-10,50,DE,00+,0
2020-12-11,50,DE,00+,0
2020-12-12,50,DE,00+,0
2020-12-13,50,DE,00+,0
2020-12-14,50,DE,00+,0
2020-12-15,50,DE,00+,0
2020-12-16,51,DE,00+,0
2020-12-17,51,DE,00+,0
2020-12-18,51,DE,00+,0
2020-12-19,51,DE,00+,0
2020-12-20,51,DE,00+,0
2020-12-21,51,DE,00+,0
2020-12-22,51,DE,00+,0
2020-12-23,52,DE,00+,0
2020-12-24,52,DE,00+,0
2020-12-25,52,DE,00+,0
2020-12-26,52,DE,00+,0
2020-12-27,52,DE,00+,0
2020-12-28,52,DE,00+,0
2020-12-29,52,DE,00+,0
2020-12-30,53,DE,00+,0
2020-12-31,53,DE,00+,0
2021-01-01,1,DE,00+,0
2021-01-02,1,DE,00+,0
2021-01-03,1,DE,00+,0
2021-01-04,1,DE,00+,0
2021-01-05,1,DE,00+,0
2021-01-06,1,DE,00+,0
2021-01-07,1,DE,00+,0
2021-01-08,2,DE,00+,0
2021-01-09,2,DE,00+,0
2021-01-10,2,DE,00+,0
2021-01-11,2,DE,00+,2
2021-01-12,2,DE,00+,0
2021-01-13,2,DE,00+,0
2021-01-14,2,DE,00+,0
2021-01-15,3,DE,00+,0
2021-01-16,3,DE,00+,0
2021-01-17,3,DE,00+,0
2021-01-18,3,DE,00+,0
2021-01-19,3,DE,00+,0
2021-01-20,3,DE,00+,0
2021-01-21,3,DE,00+,0
2021-01-22,4,DE,00+,0
2021-01-23,4,DE,00+,0
2021-01-24,4,DE,00+,0
2021-01-25,4,DE,00+,0
2021-01-26,4,DE,00+,0
2021-01-27,4,DE,00+,0
2021-01-28,4,DE,00+,0
2021-01-29,5,DE,00+,0
2021-01-30,5,DE,00+,0
2021-01-31,5,DE,00+,0
2021-02-01,5,DE,00+,0
2021-02-02,5,DE,00+,0
2021-02-03,5,DE,00+,1
2021-02-04,5,DE,00+,0
2021-02-05,6,DE,00+,0
2021-02-06,6,DE,00+,0
2021-02-07,6,DE,00+,0
2021-02-08,6,DE,00+,0
2021-02-09,6,DE,00+,0
2021-02-10,6,DE,00+,0
2021-02-11,6,DE,00+,0
2021-02-12,7,DE,00+,0
2021-02-13,7,DE,00+,1
2021-02-14,7,DE,00+,0
2021-02-15,7,DE,00+,0
2021-02-16,7,DE,00+,0
2021-02-17,7,DE,00+,0
2021-02-18,7,DE,00+,0
2021-02-19,8,DE,00+,0
2021-02-20,8,DE,00+,0
2021-02-21,8,DE,00+,0
2021-02-22,8,DE,00+,0
2021-02-23,8,DE,00+,1
2021-02-24,8,DE,00+,0
2021-02-25,8,DE,00+,0
2021-02-26,9,DE,00+,0
2021-02-27,9,DE,00+,0
2021-02-28,9,DE,00+,0
2021-03-01,9,DE,00+,0
2021-03-02,9,DE,00+,0
2021-03-03,9,DE,00+,0
2021-03-04,9,DE,00+,0
2021-03-05,10,DE,00+,0
2021-03-06,10,DE,00+,0
2021-03-07,10,DE,00+,0
2021-03-08,10,DE,00+,0
2021-03-09,10,DE,00+,0
2021-03-10,10,DE,00+,0
2021-03-11,10,DE,00+,0
2021-03-12,11,DE,00+,1
2021-03-13,11,DE,00+,0
2021-03-14,11,DE,00+,0
2021-03-15,11,DE,00+,0
2021-03-16,11,DE,00+,0
2021-03-17,11,DE,00+,0
2021-03-18,11,DE,00+,0
2021-03-19,12,DE,00+,0
2021-03-20,12,DE,00+,0
2021-03-21,12,DE,00+,0
2021-03-22,12,DE,00+,0
2021-03-23,12,DE,00+,0
2021-03-24,12,DE,00+,0
2021-03-25,12,DE,00+,0
2021-03-26,13,DE,00+,0
2021-03-27,13,DE,00+,0
2021-03-28,13,DE,00+,0
2021-03-29,13,DE,00+,0
2021-03-30,13,DE,00+,0
2021-03-31,13,DE,00+,1
2021-04-01,13,DE,00+,0
2021-04-02,14,DE,00+,0
2021-04-03,14,DE,00+,0
2021-04-04,14,DE,00+,0
2021-04-05,14,DE,00+,0
2021-04-06,14,DE,00+,0
2021-04-07,14,DE,00+,0
2021-04-08,14,DE,00+,1
2021-04-09,15,DE,00+,0
2021-04-10,15,DE,00+,0
2021-04-11,15,DE,00+,0
2021-04-12,15,DE,00+,0
2021-04-13,15,DE,00+,0
2021-04-14,15,DE,00+,0
2021-04-15,15,DE,00+,0
2021-04-16,16,DE,00+,0
2021-04-17,16,DE,00+,0
2021-04-18,16,DE,00+,0
2021-04-19,16,DE,00+,0
2021-04-20,16,DE,00+,0
2021-04-21,16,DE,00+,0
2021-04-22,16,DE,00+,0
2021-04-23,17,DE,00+,0
2021-04-24,17,DE,00+,0
2021-04-25,17,DE,00+,0
2021-04-26,17,DE,00+,0
2021-04-27,17,DE,00+,0
2021-04-28,17,DE,00+,0
2021-04-29,17,DE,00+,0
2021-04-30,18,DE,00+,0
2021-05-01,18,DE,00+,0
2021-05-02,18,DE,00+,0
2021-05-03,18,DE,00+,0
2021-05-04,18,DE,00+,0
2021-05-05,18,DE,00+,0
2021-05-06,18,DE,00+,0
2021-05-07,19,DE,00+,0
2021-05-08,19,DE,00+,0
2021-05-09,19,DE,00+,0
2021-05-10,19,DE,00+,0
2021-05-11,19,DE,00+,0
2021-05-12,19,DE,00+,0
2021-05-13,19,DE,00+,0
2021-05-14,20,DE,00+,0
2021-05-15,20,DE,00+,0
2021-05-16,20,DE,00+,0
2021-05-17,20,DE,00+,0
2021-05-18,20,DE,00+,0
2021-05-19,20,DE,00+,0
2021-05-20,20,DE,00+,0
2021-05-21,21,DE,00+,0
2021-05-22,21,DE,00+,0
2021-05-23,21,DE,00+,0
2021-05-24,21,DE,00+,0
2021-05-25,21,DE,00+,0
2021-05-26,21,DE,00+,0
2021-05-27,21,DE,00+,0
2021-05-28,22,DE,00+,0
2021-05-29,22,DE,00+,0
2021-05-30,22,DE,00+,0
2021-05-31,22,DE,00+,0
2021-06-01,22,DE,00+,0
2021-06-02,22,DE,00+,0
2021-06-03,22,DE,00+,0
2021-06-04,23,DE,00+,0
2021-06-05,23,DE,00+,0
2021-06-06,23,DE,00+,0
2021-06-07,23,DE,00+,0
2021-06-08,23,DE,00+,0
2021-06-09,23,DE,00+,0
2021-06-10,23,DE,00+,0
2021-06-11,24,DE,00+,0
2021-06-12,24,DE,00+,0
2021-06-13,24,DE,00+,0
2021-06-14,24,DE,00+,0
2021-06-15,24,DE,00+,0
2021-06-16,24,DE,00+,0
2021-06-17,24,DE,00+,0
2021-06-18,25,DE,00+,0
2021-06-19,25,DE,00+,0
2021-06-20,25,DE,00+,0
2021-06-21,25,DE,00+,0
2021-06-22,25,DE,00+,0
2021-06-23,25,DE,00+,0
2021-06-24,25,DE,00+,0
2021-06-25,26,DE,00+,0
2021-06-26,26,DE,00+,0
2021-06-27,26,DE,00+,0
2021-06-28,26,DE,00+,0
2021-06-29,26,DE,00+,0
2021-06-30,26,DE,00+,0
2021-07-01,26,DE,00+,0
2021-07-02,27,DE,00+,0
2021-07-03,27,DE,00+,0
2021-07-04,27,DE,00+,0
2021-07-05,27,DE,00+,0
2021-07-06,27,DE,00+,0
2021-07-07,27,DE,00+,0
2021-07-08,27,DE,00+,0
2021-07-09,28,DE,00+,0
2021-07-10,28,DE,00+,0
2021-07-11,28,DE,00+,0
2021-07-12,28,DE,00+,0
2021-07-13,28,DE,00+,0
2021-07-14,28,DE,00+,1
2021-07-15,28,DE,00+,0
2021-07-16,29,DE,00+,0
2021-07-17,29,DE,00+,0
2021-07-18,29,DE,00+,0
2021-07-19,29,DE,00+,0
2021-07-20,29,DE,00+,0
2021-07-21,29,DE,00+,0
2021-07-22,29,DE,00+,0
2021-07-23,30,DE,00+,0
2021-07-24,30,DE,00+,0
2021-07-25,30,DE,00+,0
2021-07-26,30,DE,00+,0
2021-07-27,30,DE,00+,0
2021-07-28,30,DE,00+,0
2021-07-29,30,DE,00+,0
2021-07-30,31,DE,00+,0
2021-07-31,31,DE,00+,0
2021-08-01,31,DE,00+,0
2021-08-02,31,DE,00+,0
2021-08-03,31,DE,00+,0
2021-08-04,31,DE,00+,0
2021-08-05,31,DE,00+,0
2021-08-06,32,DE,00+,0
2021-08-07,32,DE,00+,0
2021-08-08,32,DE,00+,0
2021-08-09,32,DE,00+,0
2021-08-10,32,DE,00+,0
2021-08-11,32,DE,00+,0
2021-08-12,32,DE,00+,0
2021-08-13,33,DE,00+,0
2021-08-14,33,DE,00+,0
2021-08-15,33,DE,00+,0
2021-08-16,33,DE,00+,0
2021-08-17,33,DE,00+,0
2021-08-18,33,DE,00+,0
2021-08-19,33,DE,00+,0
2021-08-20,34,DE,00+,0
2021-08-21,34,DE,00+,0
2021-08-22,34,DE,00+,0
2021-08-23,34,DE,00+,0
2021-08-24,34,DE,00+,0
2021-08-25,34,DE,00+,0
2021-08-26,34,DE,00+,0
2021-08-27,35,DE,00+,0
2021-08-28,35,DE,00+,0
2021-08-29,35,DE,00+,0
2021-08-30,35,DE,00+,0
2021-08-31,35,DE,00+,0
2021-09-01,35,DE,00+,0
2021-09-02,35,DE,00+,0
2021-09-03,36,DE,00+,0
2021-09-04,36,DE,00+,0
2021-09-05,36,DE,00+,0
2021-09-06,36,DE,00+,0
2021-09-07,36,DE,00+,0
2021-09-08,36,DE,00+,0
2021-09-09,36,DE,00+,0
2021-09-10,37,DE,00+,0
2021-09-11,37,DE,00+,0
2021-09-12,37,DE,00+,0
2021-09-13,37,DE,00+,2
2021-09-14,37,DE,00+,0
2021-09-15,37,DE,00+,0
2021-09-16,37,DE,00+,0
2021-09-17,38,DE,00+,0
2021-09-18,38,DE,00+,0
2021-09-19,38,DE,00+,0
2021-09-20,38,DE,00+,0
2021-09-21,38,DE,00+,0
2021-09-22,38,DE,00+,0
2021-09-23,38,DE,00+,0
2021-09-24,39,DE,00+,1
2021-09-25,39,DE,00+,0
2021-09-26,39,DE,00+,0
2021-09-27,39,DE,00+,0
2021-09-28,39,DE,00+,0
2021-09-29,39,DE,00+,0
2021-09-30,39,DE,00+,0
2021-10-01,40,DE,00+,0
2021-10-02,40,DE,00+,0
2021-10-03,40,DE,00+,0
2021-10-04,40,DE,00+,0
2021-10-05,40,DE,00+,0
2021-10-06,40,DE,00+,0
2021-10-07,40,DE,00+,0
2021-10-08,41,DE,00+,0
2021-10-09,41,DE,00+,0
2021-10-10,41,DE,00+,0
2021-10-11,41,DE,00+,1
2021-10-12,41,DE,00+,0
2021-10-13,41,DE,00+,1
2021-10-14,41,DE,00+,0
2021-10-15,42,DE,00+,0
2021-10-16,42,DE,00+,1
2021-10-17,42,DE,00+,0
2021-10-18,42,DE,00+,3
2021-10-19,42,DE,00+,0
2021-10-20,42,DE,00+,0
2021-10-21,42,DE,00+,0
2021-10-22,43,DE,00+,0
2021-10-23,43,DE,00+,0
2021-10-24,43,DE,00+,0
2021-10-25,43,DE,00+,0
2021-10-26,43,DE,00+,0
2021-10-27,43,DE,00+,1
2021-10-28,43,DE,00+,0
2021-10-29,44,DE,00+,0
2021-10-30,44,DE,00+,0
2021-10-31,44,DE,00+,0
2021-11-01,44,DE,00+,0
2021-11-02,44,DE,00+,0
2021-11-03,44,DE,00+,0
2021-11-04,44,DE,00+,0
2021-11-05,45,DE,00+,0
2021-11-06,45,DE,00+,0
2021-11-07,45,DE,00+,0
2021-11-08,45,DE,00+,0
2021-11-09,45,DE,00+,0
2021-11-10,45,DE,00+,0
2021-11-11,45,DE,00+,0
2021-11-12,46,DE,00+,0
2021-11-13,46,DE,00+,0
2021-11-14,46,DE,00+,0
2021-11-15,46,DE,00+,0
2021-11-16,46,DE,00+,0
2021-11-17,46,DE,00+,0
2021-11-18,46,DE,00+,1
2021-11-19,47,DE,00+,3
2021-11-20,47,DE,00+,0
2021-11-21,47,DE,00+,0
2021-11-22,47,DE,00+,0
2021-11-23,47,DE,00+,2
2021-11-24,47,DE,00+,0
2021-11-25,47,DE,00+,0
2021-11-26,48,DE,00+,1
2021-11-27,48,DE,00+,0
2021-11-28,48,DE,00+,0
2021-11-29,48,DE,00+,0
2021-11-30,48,DE,00+,0
2021-12-01,48,DE,00+,0
2021-12-02,48,DE,00+,0
2021-12-03,49,DE,00+,1
2021-12-04,49,DE,00+,0
2021-12-05,49,DE,00+,0
2021-12-06,49,DE,00+,0
2021-12-07,49,DE,00+,0
2021-12-08,49,DE,00+,0
2021-12-09,49,DE,00+,0
2021-12-10,50,DE,00+,0
2021-12-11,50,DE,00+,0
2021-12-12,50,DE,00+,0
2021-12-13,50,DE,00+,0
2021-12-14,50,DE,00+,3
2021-12-15,50,DE,00+,2
2021-12-16,50,DE,00+,2
2021-12-17,51,DE,00+,2
2021-12-18,51,DE,00+,0
2021-12-19,51,DE,00+,0
2021-12-20,51,DE,00+,2
2021-12-21,51,DE,00+,0
2021-12-22,51,DE,00+,1
2021-12-23,51,DE,00+,0
2021-12-24,52,DE,00+,0
2021-12-25,52,DE,00+,0
2021-12-26,52,DE,00+,0
2021-12-27,52,DE,00+,0
2021-12-28,52,DE,00+,1
2021-12-29,52,DE,00+,1
2021-12-30,52,DE,00+,1
2021-12-31,53,DE,00+,0
2022-01-01,1,DE,00+,0
2022-01-02,1,DE,00+,0
2022-01-03,1,DE,00+,4
2022-01-04,1,DE,00+,1
2022-01-05,1,DE,00+,0
2022-01-06,1,DE,00+,0
2022-01-07,1,DE,00+,1
2022-01-08,2,DE,00+,0
2022-01-09,2,DE,00+,0
2022-01-10,2,DE,00+,0
2022-01-11,2,DE,00+,0
2022-01-12,2,DE,00+,0
2022-01-13,2,DE,00+,0
2022-01-14,2,DE,00+,0
2022-01-15,3,DE,00+,0
2022-01-16,3,DE,00+,0
2022-01-17,3,DE,00+,0
2022-01-18,3,DE,00+,0
2022-01-19,3,DE,00+,1
2022-01-20,3,DE,00+,0
2022-01-21,3,DE,00+,2
2022-01-22,4,DE,00+,0
2022-01-23,4,DE,00+,0
2022-01-24,4,DE,00+,2
2022-01-25,4,DE,00+,4
2022-01-26,4,DE,00+,0
2022-01-27,4,DE,00+,3
2022-01-28,4,DE,00+,1
2022-01-29,5,DE,00+,0
2022-01-30,5,DE,00+,0
2022-01-31,5,DE,00+,3
2022-02-01,5,DE,00+,0
2022-02-02,5,DE,00+,1
2022-02-03,5,DE,00+,0
2022-02-04,5,DE,00+,0
2022-02-05,6,DE,00+,0
2022-02-06,6,DE,00+,0
2022-02-07,6,DE,00+,0
2022-02-08,6,DE,00+,0
2022-02-09,6,DE,00+,0
2022-02-10,6,DE,00+,0
2022-02-11,6,DE,00+,0
2022-02-12,7,DE,00+,0
2022-02-13,7,DE,00+,0
2022-02-14,7,DE,00+,0
2022-02-15,7,DE,00+,0
2022-02-16,7,DE,00+,0
2022-02-17,7,DE,00+,0
2022-02-18,7,DE,00+,0
2022-02-19,8,DE,00+,0
2022-02-20,8,DE,00+,0
2022-02-21,8,DE,00+,0
2022-02-22,8,DE,00+,0
2022-02-23,8,DE,00+,0
2022-02-24,8,DE,00+,0
2022-02-25,8,DE,00+,0
2022-02-26,9,DE,00+,0
2022-02-27,9,DE,00+,0
2022-02-28,9,DE,00+,0
2022-03-01,9,DE,00+,0
2022-03-02,9,DE,00+,0
2022-03-03,9,DE,00+,0
2022-03-04,9,DE,00+,1
2022-03-05,10,DE,00+,0
2022-03-06,10,DE,00+,0
2022-03-07,10,DE,00+,0
2022-03-08,10,DE,00+,1
2022-03-09,10,DE,00+,0
2022-03-10,10,DE,00+,7
2022-03-11,10,DE,00+,0
2022-03-12,11,DE,00+,0
2022-03-13,11,DE,00+,0
2022-03-14,11,DE,00+,1
2022-03-15,11,DE,00+,0
2022-03-16,11,DE,00+,0
2022-03-17,11,DE,00+,0
2022-03-18,11,DE,00+,0
2022-03-19,12,DE,00+,0
2022-03-20,12,DE,00+,0
2022-03-21,12,DE,00+,0
2022-03-22,12,DE,00+,1
2022-03-23,12,DE,00+,8
2022-03-24,12,DE,00+,2
2022-03-25,12,DE,00+,2
2022-03-26,13,DE,00+,0
2022-03-27,13,DE,00+,0
2022-03-28,13,DE,00+,3
2022-03-29,13,DE,00+,2
2022-03-30,13,DE,00+,5
2022-03-31,13,DE,00+,2
2022-04-01,13,DE,00+,8
2022-04-02,14,DE,00+,0
2022-04-03,14,DE,00+,0
2022-04-04,14,DE,00+,3
2022-04-05,14,DE,00+,2
2022-04-06,14,DE,00+,4
2022-04-07,14,DE,00+,3
2022-04-08,14,DE,00+,3
2022-04-09,15,DE,00+,1
2022-04-10,15,DE,00+,0
2022-04-11,15,DE,00+,2
2022-04-12,15,DE,00+,3
2022-04-13,15,DE,00+,2
2022-04-14,15,DE,00+,0
2022-04-15,15,DE,00+,1
2022-04-16,16,DE,00+,1
2022-04-17,16,DE,00+,0
2022-04-18,16,DE,00+,0
2022-04-19,16,DE,00+,0
2022-04-20,16,DE,00+,1
2022-04-21,16,DE,00+,2
2022-04-22,16,DE,00+,0
2022-04-23,17,DE,00+,1
2022-04-24,17,DE,00+,2
2022-04-25,17,DE,00+,3
2022-04-26,17,DE,00+,0
2022-04-27,17,DE,00+,1
2022-04-28,17,DE,00+,1
2022-04-29,17,DE,00+,0
2022-04-30,18,DE,00+,0
2022-05-01,18,DE,00+,0
2022-05-02,18,DE,00+,3
2022-05-03,18,DE,00+,3
2022-05-04,18,DE,00+,0
2022-05-05,18,DE,00+,0
2022-05-06,18,DE,00+,0
2022-05-07,19,DE,00+,1
2022-05-08,19,DE,00+,0
2022-05-09,19,DE,00+,2
2022-05-10,19,DE,00+,0
2022-05-11,19,DE,00+,1
2022-05-12,19,DE,00+,1
2022-05-13,19,DE,00+,1
2022-05-14,20,DE,00+,0
2022-05-15,20,DE,00+,1
2022-05-16,20,DE,00+,3
2022-05-17,20,DE,00+,1
2022-05-18,20,DE,00+,3
2022-05-19,20,DE,00+,3
2022-05-20,20,DE,00+,3
2022-05-21,21,DE,00+,0
2022-05-22,21,DE,00+,1
2022-05-23,21,DE,00+,0
2022-05-24,21,DE,00+,0
2022-05-25,21,DE,00+,1
2022-05-26,21,DE,00+,0
2022-05-27,21,DE,00+,0
2022-05-28,22,DE,00+,0
2022-05-29,22,DE,00+,0
2022-05-30,22,DE,00+,1
2022-05-31,22,DE,00+,0
2022-06-01,22,DE,00+,0
2022-06-02,22,DE,00+,0
2022-06-03,22,DE,00+,1
2022-06-04,23,DE,00+,0
2022-06-05,23,DE,00+,0
2022-06-06,23,DE,00+,0
2022-06-07,23,DE,00+,0
2022-06-08,23,DE,00+,1
2022-06-09,23,DE,00+,0
2022-06-10,23,DE,00+,0
2022-06-11,24,DE,00+,0
2022-06-12,24,DE,00+,0
2022-06-13,24,DE,00+,0
2022-06-14,24,DE,00+,0
2022-06-15,24,DE,00+,0
2022-06-16,24,DE,00+,1
2022-06-17,24,DE,00+,0
2022-06-18,25,DE,00+,0
2022-06-19,25,DE,00+,0
2022-06-20,25,DE,00+,1
2022-06-21,25,DE,00+,0
2022-06-22,25,DE,00+,0
2022-06-23,25,DE,00+,0
2022-06-24,25,DE,00+,1
2022-06-25,26,DE,00+,0
2022-06-26,26,DE,00+,0
2022-06-27,26,DE,00+,0
2022-06-28,26,DE,00+,0
2022-06-29,26,DE,00+,0
2022-06-30,26,DE,00+,0
2022-07-01,26,DE,00+,0
2022-07-02,27,DE,00+,0
2022-07-03,27,DE,00+,0
2022-07-04,27,DE,00+,0
2022-07-05,27,DE,00+,0
2022-07-06,27,DE,00+,1
2022-07-07,27,DE,00+,0
2022-07-08,27,DE,00+,0
2022-07-09,28,DE,00+,0
2022-07-10,28,DE,00+,0
2022-07-11,28,DE,00+,0
2022-07-12,28,DE,00+,1
2022-07-13,28,DE,00+,0
2022-07-14,28,DE,00+,0
2022-07-15,28,DE,00+,0
2022-07-16,29,DE,00+,0
2022-07-17,29,DE,00+,0
2022-07-18,29,DE,00+,0
2022-07-19,29,DE,00+,0
2022-07-20,29,DE,00+,0
2022-07-21,29,DE,00+,0
2022-07-22,29,DE,00+,0
2022-07-23,30,DE,00+,0
2022-07-24,30,DE,00+,0
2022-07-25,30,DE,00+,0
2022-07-26,30,DE,00+,0
2022-07-27,30,DE,00+,0
2022-07-28,30,DE,00+,1
2022-07-29,30,DE,00+,0
2022-07-30,31,DE,00+,0
2022-07-31,31,DE,00+,0
2022-08-01,31,DE,00+,2
2022-08-02,31,DE,00+,0
2022-08-03,31,DE,00+,0
2022-08-04,31,DE,00+,0
2022-08-05,31,DE,00+,0
2022-08-06,32,DE,00+,0
2022-08-07,32,DE,00+,0
2022-08-08,32,DE,00+,1
2022-08-09,32,DE,00+,1
2022-08-10,32,DE,00+,1
2022-08-11,32,DE,00+,0
2022-08-12,32,DE,00+,0
2022-08-13,33,DE,00+,0
2022-08-14,33,DE,00+,0
2022-08-15,33,DE,00+,0
2022-08-16,33,DE,00+,0
2022-08-17,33,DE,00+,0
2022-08-18,33,DE,00+,0
2022-08-19,33,DE,00+,0
2022-08-20,34,DE,00+,0
2022-08-21,34,DE,00+,0
2022-08-22,34,DE,00+,0
2022-08-23,34,DE,00+,0
2022-08-24,34,DE,00+,0
2022-08-25,34,DE,00+,0
2022-08-26,34,DE,00+,0
2022-08-27,35,DE,00+,0
2022-08-28,35,DE,00+,0
2022-08-29,35,DE,00+,1
2022-08-30,35,DE,00+,0
2022-08-31,35,DE,00+,0
2022-09-01,35,DE,00+,0
2022-09-02,35,DE,00+,0
2022-09-03,36,DE,00+,0
2022-09-04,36,DE,00+,0
2022-09-05,36,DE,00+,1
2022-09-06,36,DE,00+,0
2022-09-07,36,DE,00+,0
2022-09-08,36,DE,00+,0
2022-09-09,36,DE,00+,0
2022-09-10,37,DE,00+,0
2022-09-11,37,DE,00+,0
2022-09-12,37,DE,00+,0
2022-09-13,37,DE,00+,0
2022-09-14,37,DE,00+,0
2022-09-15,37,DE,00+,0
2022-09-16,37,DE,00+,0
2022-09-17,38,DE,00+,0
2022-09-18,38,DE,00+,0
2022-09-19,38,DE,00+,0
2022-09-20,38,DE,00+,0
2022-09-21,38,DE,00+,0
2022-09-22,38,DE,00+,0
2022-09-23,38,DE,00+,0
2022-09-24,39,DE,00+,0
2022-09-25,39,DE,00+,0
2022-09-26,39,DE,00+,0
2022-12-25,52,DE,00+,1
2023-01-01,1,DE,00+,0
2023-01-02,1,DE,00+,0
2023-01-03,1,DE,00+,0
2023-01-04,1,DE,00+,0
2023-01-05,1,DE,00+,0
2023-01-06,1,DE,00+,0
2023-01-07,1,DE,00+,1
2023-01-08,2,DE,00+,1
2023-01-09,2,DE,00+,2
2023-01-10,2,DE,00+,5
2023-01-11,2,DE,00+,1
2023-01-12,2,DE,00+,3
2023-01-13,2,DE,00+,4
2023-01-14,2,DE,00+,0
2023-01-15,3,DE,00+,0
2023-01-16,3,DE,00+,1
2023-01-17,3,DE,00+,0
