date,location,age_group,value
2009-01-20,DE,00+,1
2009-03-18,DE,00+,1
2009-04-03,DE,00+,1
2009-04-28,DE,00+,1
2009-05-02,DE,00+,1
2009-05-07,DE,00+,1
2009-05-08,DE,00+,2
2009-05-11,DE,00+,1
2009-05-15,DE,00+,1
2009-05-19,DE,00+,1
2009-05-22,DE,00+,1
2009-05-25,DE,00+,2
2009-07-06,DE,00+,1
2009-07-10,DE,00+,1
2009-07-24,DE,00+,1
2009-09-08,DE,00+,1
2009-09-12,DE,00+,1
2009-09-19,DE,00+,1
2009-09-28,DE,00+,4
2009-10-01,DE,00+,2
2009-10-02,DE,00+,2
2009-10-03,DE,00+,1
2009-10-05,DE,00+,2
2009-10-07,DE,00+,3
2009-10-08,DE,00+,2
2009-10-09,DE,00+,1
2009-10-12,DE,00+,2
2009-10-13,DE,00+,2
2009-10-14,DE,00+,2
2009-10-16,DE,00+,3
2009-10-21,DE,00+,1
2009-10-23,DE,00+,2
2009-10-26,DE,00+,3
2009-10-27,DE,00+,1
2009-10-28,DE,00+,2
2009-10-29,DE,00+,1
2009-10-30,DE,00+,3
2009-11-01,DE,00+,2
2009-11-02,DE,00+,3
2009-11-03,DE,00+,5
2009-11-04,DE,00+,1
2009-11-05,DE,00+,3
2009-11-06,DE,00+,3
2009-11-07,DE,00+,1
2009-11-09,DE,00+,7
2009-11-10,DE,00+,3
2009-11-11,DE,00+,5
2009-11-12,DE,00+,5
2009-11-13,DE,00+,5
2009-11-14,DE,00+,2
2009-11-15,DE,00+,1
2009-11-16,DE,00+,6
2009-11-17,DE,00+,6
2009-11-18,DE,00+,3
2009-11-19,DE,00+,1
2009-11-20,DE,00+,6
2009-11-21,DE,00+,5
2009-11-23,DE,00+,3
2009-11-24,DE,00+,12
2009-11-25,DE,00+,5
2009-11-26,DE,00+,6
2009-11-27,DE,00+,9
2009-11-28,DE,00+,1
2009-11-30,DE,00+,15
2009-12-01,DE,00+,4
2009-12-02,DE,00+,8
2009-12-03,DE,00+,7
2009-12-04,DE,00+,4
2009-12-05,DE,00+,1
2009-12-07,DE,00+,9
2009-12-08,DE,00+,9
2009-12-09,DE,00+,6
2009-12-10,DE,00+,8
2009-12-11,DE,00+,1
2009-12-12,DE,00+,2
2009-12-13,DE,00+,1
2009-12-14,DE,00+,14
2009-12-15,DE,00+,7
2009-12-16,DE,00+,5
2009-12-17,DE,00+,8
2009-12-18,DE,00+,8
2009-12-19,DE,00+,1
2009-12-20,DE,00+,1
2009-12-21,DE,00+,15
2009-12-22,DE,00+,3
2009-12-23,DE,00+,13
2009-12-24,DE,00+,1
2009-12-25,DE,00+,4
2009-12-27,DE,00+,6
2009-12-28,DE,00+,11
2009-12-29,DE,00+,14
2009-12-30,DE,00+,2
2010-01-01,DE,00+,2
2010-01-02,DE,00+,5
2010-01-03,DE,00+,1
2010-01-04,DE,00+,7
2010-01-05,DE,00+,15
2010-01-06,DE,00+,8
2010-01-07,DE,00+,8
2010-01-08,DE,00+,10
2010-01-09,DE,00+,1
2010-01-10,DE,00+,1
2010-01-11,DE,00+,10
2010-01-12,DE,00+,8
2010-01-13,DE,00+,9
2010-01-14,DE,00+,5
2010-01-15,DE,00+,7
2010-01-16,DE,00+,1
2010-01-18,DE,00+,16
2010-01-19,DE,00+,6
2010-01-20,DE,00+,10
2010-01-21,DE,00+,5
2010-01-22,DE,00+,5
2010-01-23,DE,00+,1
2010-01-24,DE,00+,1
2010-01-25,DE,00+,20
2010-01-26,DE,00+,20
2010-01-27,DE,00+,4
2010-01-28,DE,00+,5
2010-01-29,DE,00+,16
2010-01-30,DE,00+,3
2010-01-31,DE,00+,1
2010-02-01,DE,00+,9
2010-02-02,DE,00+,14
2010-02-03,DE,00+,9
2010-02-04,DE,00+,14
2010-02-05,DE,00+,16
2010-02-06,DE,00+,8
2010-02-07,DE,00+,1
2010-02-08,DE,00+,18
2010-02-09,DE,00+,9
2010-02-10,DE,00+,13
2010-02-11,DE,00+,16
2010-02-12,DE,00+,8
2010-02-13,DE,00+,1
2010-02-15,DE,00+,17
2010-02-16,DE,00+,37
2010-02-17,DE,00+,27
2010-02-18,DE,00+,19
2010-02-19,DE,00+,17
2010-02-20,DE,00+,6
2010-02-21,DE,00+,2
2010-02-22,DE,00+,31
2010-02-23,DE,00+,9
2010-02-24,DE,00+,22
2010-02-25,DE,00+,21
2010-02-26,DE,00+,22
2010-02-27,DE,00+,3
2010-02-28,DE,00+,7
2010-03-01,DE,00+,13
2010-03-02,DE,00+,19
2010-03-03,DE,00+,24
2010-03-04,DE,00+,24
2010-03-05,DE,00+,21
2010-03-07,DE,00+,1
2010-03-08,DE,00+,29
2010-03-09,DE,00+,22
2010-03-10,DE,00+,29
2010-03-11,DE,00+,13
2010-03-12,DE,00+,27
2010-03-13,DE,00+,3
2010-03-15,DE,00+,23
2010-03-16,DE,00+,14
2010-03-17,DE,00+,19
2010-03-18,DE,00+,9
2010-03-19,DE,00+,34
2010-03-20,DE,00+,1
2010-03-22,DE,00+,15
2010-03-23,DE,00+,25
2010-03-24,DE,00+,22
2010-03-25,DE,00+,19
2010-03-26,DE,00+,10
2010-03-27,DE,00+,1
2010-03-29,DE,00+,26
2010-03-30,DE,00+,20
2010-03-31,DE,00+,17
2010-04-01,DE,00+,14
2010-04-02,DE,00+,1
2010-04-03,DE,00+,8
2010-04-04,DE,00+,2
2010-04-06,DE,00+,25
2010-04-07,DE,00+,14
2010-04-08,DE,00+,13
2010-04-09,DE,00+,7
2010-04-10,DE,00+,3
2010-04-11,DE,00+,1
2010-04-12,DE,00+,28
2010-04-13,DE,00+,10
2010-04-14,DE,00+,15
2010-04-15,DE,00+,10
2010-04-16,DE,00+,10
2010-04-17,DE,00+,3
2010-04-18,DE,00+,1
2010-04-19,DE,00+,27
2010-04-20,DE,00+,21
2010-04-21,DE,00+,11
2010-04-22,DE,00+,12
2010-04-23,DE,00+,16
2010-04-24,DE,00+,2
2010-04-26,DE,00+,24
2010-04-27,DE,00+,13
2010-04-28,DE,00+,9
2010-04-29,DE,00+,9
2010-04-30,DE,00+,13
2010-05-03,DE,00+,19
2010-05-04,DE,00+,19
2010-05-05,DE,00+,5
2010-05-06,DE,00+,12
2010-05-07,DE,00+,18
2010-05-08,DE,00+,1
2010-05-10,DE,00+,13
2010-05-11,DE,00+,10
2010-05-12,DE,00+,21
2010-05-13,DE,00+,1
2010-05-14,DE,00+,11
2010-05-15,DE,00+,2
2010-05-17,DE,00+,11
2010-05-18,DE,00+,14
2010-05-19,DE,00+,13
2010-05-20,DE,00+,14
2010-05-21,DE,00+,17
2010-05-22,DE,00+,1
2010-05-25,DE,00+,19
2010-05-26,DE,00+,10
2010-05-27,DE,00+,5
2010-05-28,DE,00+,10
2010-05-31,DE,00+,11
2010-06-01,DE,00+,9
2010-06-02,DE,00+,4
2010-06-03,DE,00+,1
2010-06-04,DE,00+,3
2010-06-05,DE,00+,1
2010-06-07,DE,00+,17
2010-06-08,DE,00+,6
2010-06-09,DE,00+,14
2010-06-10,DE,00+,2
2010-06-11,DE,00+,6
2010-06-12,DE,00+,2
2010-06-14,DE,00+,13
2010-06-15,DE,00+,13
2010-06-16,DE,00+,6
2010-06-17,DE,00+,3
2010-06-18,DE,00+,10
2010-06-21,DE,00+,1
2010-06-22,DE,00+,13
2010-06-23,DE,00+,3
2010-06-24,DE,00+,6
2010-06-25,DE,00+,10
2010-06-28,DE,00+,7
2010-06-29,DE,00+,4
2010-06-30,DE,00+,8
2010-07-01,DE,00+,4
2010-07-02,DE,00+,5
2010-07-03,DE,00+,1
2010-07-05,DE,00+,3
2010-07-06,DE,00+,11
2010-07-07,DE,00+,5
2010-07-08,DE,00+,3
2010-07-09,DE,00+,7
2010-07-11,DE,00+,2
2010-07-12,DE,00+,7
2010-07-13,DE,00+,8
2010-07-14,DE,00+,5
2010-07-15,DE,00+,8
2010-07-16,DE,00+,7
2010-07-19,DE,00+,7
2010-07-20,DE,00+,5
2010-07-21,DE,00+,6
2010-07-22,DE,00+,5
2010-07-23,DE,00+,6
2010-07-26,DE,00+,9
2010-07-27,DE,00+,1
2010-07-28,DE,00+,10
2010-07-29,DE,00+,10
2010-07-30,DE,00+,2
2010-08-02,DE,00+,7
2010-08-03,DE,00+,9
2010-08-04,DE,00+,1
2010-08-05,DE,00+,6
2010-08-06,DE,00+,9
2010-08-07,DE,00+,1
2010-08-10,DE,00+,6
2010-08-11,DE,00+,9
2010-08-12,DE,00+,4
2010-08-13,DE,00+,5
2010-08-16,DE,00+,9
2010-08-17,DE,00+,5
2010-08-18,DE,00+,5
2010-08-19,DE,00+,8
2010-08-21,DE,00+,1
2010-08-23,DE,00+,7
2010-08-24,DE,00+,8
2010-08-25,DE,00+,1
2010-08-26,DE,00+,7
2010-08-27,DE,00+,11
2010-08-28,DE,00+,6
2010-08-30,DE,00+,2
2010-08-31,DE,00+,2
2010-09-01,DE,00+,10
2010-09-02,DE,00+,8
2010-09-03,DE,00+,11
2010-09-06,DE,00+,17
2010-09-07,DE,00+,3
2010-09-08,DE,00+,10
2010-09-09,DE,00+,3
2010-09-10,DE,00+,12
2010-09-11,DE,00+,1
2010-09-13,DE,00+,16
2010-09-14,DE,00+,3
2010-09-15,DE,00+,12
2010-09-16,DE,00+,13
2010-09-17,DE,00+,11
2010-09-20,DE,00+,12
2010-09-21,DE,00+,10
2010-09-22,DE,00+,7
2010-09-23,DE,00+,12
2010-09-24,DE,00+,11
2010-09-27,DE,00+,18
2010-09-28,DE,00+,7
2010-09-29,DE,00+,8
2010-09-30,DE,00+,17
2010-10-01,DE,00+,9
2010-10-02,DE,00+,7
2010-10-04,DE,00+,14
2010-10-05,DE,00+,12
2010-10-06,DE,00+,3
2010-10-07,DE,00+,24
2010-10-08,DE,00+,7
2010-10-09,DE,00+,3
2010-10-11,DE,00+,7
2010-10-12,DE,00+,9
2010-10-13,DE,00+,7
2010-10-14,DE,00+,7
2010-10-15,DE,00+,8
2010-10-18,DE,00+,17
2010-10-19,DE,00+,16
2010-10-20,DE,00+,10
2010-10-21,DE,00+,10
2010-10-22,DE,00+,8
2010-10-23,DE,00+,4
2010-10-25,DE,00+,10
2010-10-26,DE,00+,19
2010-10-27,DE,00+,10
2010-10-28,DE,00+,6
2010-10-29,DE,00+,11
2010-10-30,DE,00+,1
2010-11-01,DE,00+,11
2010-11-02,DE,00+,13
2010-11-03,DE,00+,16
2010-11-04,DE,00+,24
2010-11-05,DE,00+,11
2010-11-07,DE,00+,1
2010-11-08,DE,00+,21
2010-11-09,DE,00+,9
2010-11-10,DE,00+,13
2010-11-11,DE,00+,10
2010-11-12,DE,00+,19
2010-11-14,DE,00+,1
2010-11-15,DE,00+,25
2010-11-16,DE,00+,10
2010-11-17,DE,00+,14
2010-11-18,DE,00+,19
2010-11-19,DE,00+,16
2010-11-21,DE,00+,1
2010-11-22,DE,00+,9
2010-11-23,DE,00+,17
2010-11-24,DE,00+,13
2010-11-25,DE,00+,15
2010-11-26,DE,00+,18
2010-11-27,DE,00+,4
2010-11-29,DE,00+,21
2010-11-30,DE,00+,25
2010-12-01,DE,00+,21
2010-12-02,DE,00+,26
2010-12-03,DE,00+,25
2010-12-05,DE,00+,1
2010-12-06,DE,00+,39
2010-12-07,DE,00+,32
2010-12-08,DE,00+,23
2010-12-09,DE,00+,29
2010-12-10,DE,00+,18
2010-12-11,DE,00+,7
2010-12-12,DE,00+,2
2010-12-13,DE,00+,39
2010-12-14,DE,00+,26
2010-12-15,DE,00+,26
2010-12-16,DE,00+,23
2010-12-17,DE,00+,18
2010-12-19,DE,00+,3
2010-12-20,DE,00+,41
2010-12-21,DE,00+,35
2010-12-22,DE,00+,29
2010-12-23,DE,00+,36
2010-12-24,DE,00+,1
2010-12-25,DE,00+,2
2010-12-26,DE,00+,1
2010-12-27,DE,00+,33
2010-12-28,DE,00+,46
2010-12-29,DE,00+,45
2010-12-30,DE,00+,28
2010-12-31,DE,00+,30
2011-01-01,DE,00+,6
2011-01-02,DE,00+,3
2011-01-03,DE,00+,32
2011-01-04,DE,00+,63
2011-01-05,DE,00+,30
2011-01-06,DE,00+,34
2011-01-07,DE,00+,48
2011-01-08,DE,00+,9
2011-01-09,DE,00+,1
2011-01-10,DE,00+,52
2011-01-11,DE,00+,46
2011-01-12,DE,00+,25
2011-01-13,DE,00+,32
2011-01-14,DE,00+,36
2011-01-15,DE,00+,11
2011-01-16,DE,00+,3
2011-01-17,DE,00+,90
2011-01-18,DE,00+,39
2011-01-19,DE,00+,55
2011-01-20,DE,00+,35
2011-01-21,DE,00+,43
2011-01-22,DE,00+,6
2011-01-23,DE,00+,12
2011-01-24,DE,00+,52
2011-01-25,DE,00+,45
2011-01-26,DE,00+,33
2011-01-27,DE,00+,37
2011-01-28,DE,00+,49
2011-01-29,DE,00+,14
2011-01-30,DE,00+,7
2011-01-31,DE,00+,44
2011-02-01,DE,00+,45
2011-02-02,DE,00+,36
2011-02-03,DE,00+,48
2011-02-04,DE,00+,37
2011-02-05,DE,00+,8
2011-02-06,DE,00+,1
2011-02-07,DE,00+,60
2011-02-08,DE,00+,34
2011-02-09,DE,00+,35
2011-02-10,DE,00+,39
2011-02-11,DE,00+,41
2011-02-12,DE,00+,5
2011-02-13,DE,00+,1
2011-02-14,DE,00+,34
2011-02-15,DE,00+,32
2011-02-16,DE,00+,29
2011-02-17,DE,00+,25
2011-02-18,DE,00+,14
2011-02-19,DE,00+,1
2011-02-21,DE,00+,33
2011-02-22,DE,00+,57
2011-02-23,DE,00+,38
2011-02-24,DE,00+,46
2011-02-25,DE,00+,34
2011-02-26,DE,00+,1
2011-02-27,DE,00+,2
2011-02-28,DE,00+,50
2011-03-01,DE,00+,36
2011-03-02,DE,00+,22
2011-03-03,DE,00+,26
2011-03-04,DE,00+,32
2011-03-05,DE,00+,5
2011-03-07,DE,00+,33
2011-03-08,DE,00+,40
2011-03-09,DE,00+,29
2011-03-10,DE,00+,24
2011-03-11,DE,00+,14
2011-03-12,DE,00+,5
2011-03-13,DE,00+,1
2011-03-14,DE,00+,39
2011-03-15,DE,00+,18
2011-03-16,DE,00+,25
2011-03-17,DE,00+,9
2011-03-18,DE,00+,20
2011-03-21,DE,00+,44
2011-03-22,DE,00+,22
2011-03-23,DE,00+,33
2011-03-24,DE,00+,12
2011-03-25,DE,00+,24
2011-03-26,DE,00+,1
2011-03-27,DE,00+,1
2011-03-28,DE,00+,16
2011-03-29,DE,00+,26
2011-03-30,DE,00+,21
2011-03-31,DE,00+,9
2011-04-01,DE,00+,17
2011-04-03,DE,00+,1
2011-04-04,DE,00+,14
2011-04-05,DE,00+,18
2011-04-06,DE,00+,15
2011-04-07,DE,00+,11
2011-04-08,DE,00+,9
2011-04-09,DE,00+,3
2011-04-11,DE,00+,13
2011-04-12,DE,00+,14
2011-04-13,DE,00+,10
2011-04-14,DE,00+,5
2011-04-15,DE,00+,14
2011-04-16,DE,00+,3
2011-04-18,DE,00+,15
2011-04-19,DE,00+,17
2011-04-20,DE,00+,18
2011-04-21,DE,00+,8
2011-04-23,DE,00+,3
2011-04-26,DE,00+,28
2011-04-27,DE,00+,15
2011-04-28,DE,00+,15
2011-04-29,DE,00+,13
2011-04-30,DE,00+,1
2011-05-02,DE,00+,17
2011-05-03,DE,00+,13
2011-05-04,DE,00+,6
2011-05-05,DE,00+,14
2011-05-06,DE,00+,8
2011-05-07,DE,00+,1
2011-05-09,DE,00+,9
2011-05-10,DE,00+,4
2011-05-11,DE,00+,9
2011-05-12,DE,00+,8
2011-05-13,DE,00+,3
2011-05-16,DE,00+,10
2011-05-17,DE,00+,5
2011-05-18,DE,00+,7
2011-05-19,DE,00+,6
2011-05-20,DE,00+,8
2011-05-21,DE,00+,3
2011-05-22,DE,00+,1
2011-05-23,DE,00+,7
2011-05-24,DE,00+,10
2011-05-25,DE,00+,8
2011-05-26,DE,00+,11
2011-05-27,DE,00+,6
2011-05-30,DE,00+,6
2011-05-31,DE,00+,4
2011-06-01,DE,00+,15
2011-06-02,DE,00+,1
2011-06-03,DE,00+,5
2011-06-04,DE,00+,2
2011-06-06,DE,00+,4
2011-06-07,DE,00+,6
2011-06-08,DE,00+,5
2011-06-09,DE,00+,7
2011-06-10,DE,00+,5
2011-06-14,DE,00+,5
2011-06-15,DE,00+,3
2011-06-16,DE,00+,7
2011-06-17,DE,00+,5
2011-06-21,DE,00+,5
2011-06-22,DE,00+,7
2011-06-24,DE,00+,9
2011-06-27,DE,00+,5
2011-06-28,DE,00+,2
2011-06-29,DE,00+,3
2011-07-01,DE,00+,2
2011-07-04,DE,00+,7
2011-07-05,DE,00+,2
2011-07-06,DE,00+,5
2011-07-07,DE,00+,10
2011-07-08,DE,00+,2
2011-07-09,DE,00+,3
2011-07-11,DE,00+,8
2011-07-12,DE,00+,5
2011-07-13,DE,00+,3
2011-07-14,DE,00+,11
2011-07-15,DE,00+,4
2011-07-16,DE,00+,3
2011-07-18,DE,00+,2
2011-07-19,DE,00+,2
2011-07-20,DE,00+,3
2011-07-21,DE,00+,6
2011-07-22,DE,00+,2
2011-07-23,DE,00+,2
2011-07-25,DE,00+,3
2011-07-26,DE,00+,3
2011-07-27,DE,00+,2
2011-07-28,DE,00+,6
2011-07-29,DE,00+,2
2011-08-01,DE,00+,6
2011-08-02,DE,00+,6
2011-08-03,DE,00+,11
2011-08-04,DE,00+,3
2011-08-05,DE,00+,8
2011-08-08,DE,00+,5
2011-08-09,DE,00+,5
2011-08-10,DE,00+,1
2011-08-11,DE,00+,4
2011-08-12,DE,00+,2
2011-08-15,DE,00+,1
2011-08-16,DE,00+,6
2011-08-17,DE,00+,1
2011-08-18,DE,00+,7
2011-08-19,DE,00+,2
2011-08-22,DE,00+,3
2011-08-23,DE,00+,6
2011-08-24,DE,00+,4
2011-08-25,DE,00+,1
2011-08-26,DE,00+,1
2011-08-27,DE,00+,2
2011-08-29,DE,00+,6
2011-08-30,DE,00+,1
2011-09-01,DE,00+,4
2011-09-02,DE,00+,7
2011-09-04,DE,00+,1
2011-09-05,DE,00+,5
2011-09-06,DE,00+,4
2011-09-07,DE,00+,4
2011-09-08,DE,00+,3
2011-09-09,DE,00+,5
2011-09-10,DE,00+,3
2011-09-12,DE,00+,5
2011-09-14,DE,00+,3
2011-09-15,DE,00+,7
2011-09-16,DE,00+,6
2011-09-17,DE,00+,2
2011-09-19,DE,00+,8
2011-09-20,DE,00+,13
2011-09-21,DE,00+,10
2011-09-22,DE,00+,6
2011-09-23,DE,00+,6
2011-09-24,DE,00+,10
2011-09-26,DE,00+,8
2011-09-27,DE,00+,3
2011-09-28,DE,00+,7
2011-09-29,DE,00+,13
2011-09-30,DE,00+,13
2011-10-01,DE,00+,1
2011-10-04,DE,00+,8
2011-10-05,DE,00+,13
2011-10-06,DE,00+,13
2011-10-07,DE,00+,5
2011-10-08,DE,00+,8
2011-10-09,DE,00+,1
2011-10-10,DE,00+,15
2011-10-11,DE,00+,4
2011-10-12,DE,00+,11
2011-10-13,DE,00+,6
2011-10-14,DE,00+,4
2011-10-15,DE,00+,1
2011-10-16,DE,00+,1
2011-10-17,DE,00+,12
2011-10-18,DE,00+,6
2011-10-19,DE,00+,15
2011-10-20,DE,00+,9
2011-10-21,DE,00+,12
2011-10-24,DE,00+,5
2011-10-25,DE,00+,10
2011-10-26,DE,00+,12
2011-10-27,DE,00+,10
2011-10-28,DE,00+,9
2011-10-29,DE,00+,3
2011-10-30,DE,00+,1
2011-10-31,DE,00+,5
2011-11-01,DE,00+,1
2011-11-02,DE,00+,12
2011-11-03,DE,00+,5
2011-11-04,DE,00+,6
2011-11-05,DE,00+,1
2011-11-07,DE,00+,13
2011-11-08,DE,00+,15
2011-11-09,DE,00+,2
2011-11-10,DE,00+,5
2011-11-11,DE,00+,8
2011-11-14,DE,00+,17
2011-11-15,DE,00+,11
2011-11-16,DE,00+,7
2011-11-17,DE,00+,8
2011-11-18,DE,00+,8
2011-11-19,DE,00+,7
2011-11-21,DE,00+,10
2011-11-22,DE,00+,13
2011-11-23,DE,00+,10
2011-11-24,DE,00+,8
2011-11-25,DE,00+,15
2011-11-28,DE,00+,9
2011-11-29,DE,00+,15
2011-11-30,DE,00+,11
2011-12-01,DE,00+,12
2011-12-02,DE,00+,12
2011-12-03,DE,00+,3
2011-12-04,DE,00+,2
2011-12-05,DE,00+,21
2011-12-06,DE,00+,11
2011-12-07,DE,00+,10
2011-12-08,DE,00+,11
2011-12-09,DE,00+,27
2011-12-10,DE,00+,2
2011-12-12,DE,00+,14
2011-12-13,DE,00+,11
2011-12-14,DE,00+,19
2011-12-15,DE,00+,18
2011-12-16,DE,00+,9
2011-12-17,DE,00+,5
2011-12-19,DE,00+,21
2011-12-20,DE,00+,23
2011-12-21,DE,00+,22
2011-12-22,DE,00+,16
2011-12-23,DE,00+,10
2011-12-24,DE,00+,6
2011-12-25,DE,00+,1
2011-12-27,DE,00+,14
2011-12-28,DE,00+,23
2011-12-29,DE,00+,22
2011-12-30,DE,00+,14
2011-12-31,DE,00+,5
2012-01-01,DE,00+,3
2012-01-02,DE,00+,26
2012-01-03,DE,00+,22
2012-01-04,DE,00+,14
2012-01-05,DE,00+,16
2012-01-06,DE,00+,12
2012-01-07,DE,00+,2
2012-01-08,DE,00+,3
2012-01-09,DE,00+,26
2012-01-10,DE,00+,19
2012-01-11,DE,00+,10
2012-01-12,DE,00+,14
2012-01-13,DE,00+,18
2012-01-14,DE,00+,4
2012-01-16,DE,00+,14
2012-01-17,DE,00+,20
2012-01-18,DE,00+,21
2012-01-19,DE,00+,17
2012-01-20,DE,00+,13
2012-01-21,DE,00+,3
2012-01-22,DE,00+,6
2012-01-23,DE,00+,27
2012-01-24,DE,00+,27
2012-01-25,DE,00+,24
2012-01-26,DE,00+,16
2012-01-27,DE,00+,22
2012-01-28,DE,00+,5
2012-01-29,DE,00+,2
2012-01-30,DE,00+,39
2012-01-31,DE,00+,18
2012-02-01,DE,00+,23
2012-02-02,DE,00+,14
2012-02-03,DE,00+,21
2012-02-04,DE,00+,5
2012-02-06,DE,00+,31
2012-02-07,DE,00+,23
2012-02-08,DE,00+,23
2012-02-09,DE,00+,18
2012-02-10,DE,00+,18
2012-02-11,DE,00+,13
2012-02-12,DE,00+,6
2012-02-13,DE,00+,47
2012-02-14,DE,00+,33
2012-02-15,DE,00+,29
2012-02-16,DE,00+,31
2012-02-17,DE,00+,19
2012-02-18,DE,00+,10
2012-02-19,DE,00+,5
2012-02-20,DE,00+,26
2012-02-21,DE,00+,42
2012-02-22,DE,00+,40
2012-02-23,DE,00+,24
2012-02-24,DE,00+,44
2012-02-25,DE,00+,13
2012-02-26,DE,00+,6
2012-02-27,DE,00+,39
2012-02-28,DE,00+,29
2012-02-29,DE,00+,59
2012-03-01,DE,00+,41
2012-03-02,DE,00+,27
2012-03-03,DE,00+,7
2012-03-04,DE,00+,7
2012-03-05,DE,00+,55
2012-03-06,DE,00+,39
2012-03-07,DE,00+,47
2012-03-08,DE,00+,49
2012-03-09,DE,00+,33
2012-03-10,DE,00+,7
2012-03-11,DE,00+,4
2012-03-12,DE,00+,49
2012-03-13,DE,00+,44
2012-03-14,DE,00+,42
2012-03-15,DE,00+,25
2012-03-16,DE,00+,56
2012-03-17,DE,00+,9
2012-03-19,DE,00+,49
2012-03-20,DE,00+,28
2012-03-21,DE,00+,37
2012-03-22,DE,00+,33
2012-03-23,DE,00+,17
2012-03-24,DE,00+,8
2012-03-25,DE,00+,6
2012-03-26,DE,00+,35
2012-03-27,DE,00+,31
2012-03-28,DE,00+,52
2012-03-29,DE,00+,19
2012-03-30,DE,00+,24
2012-03-31,DE,00+,4
2012-04-02,DE,00+,39
2012-04-03,DE,00+,30
2012-04-04,DE,00+,29
2012-04-05,DE,00+,28
2012-04-06,DE,00+,2
2012-04-07,DE,00+,9
2012-04-08,DE,00+,3
2012-04-09,DE,00+,6
2012-04-10,DE,00+,40
2012-04-11,DE,00+,19
2012-04-12,DE,00+,16
2012-04-13,DE,00+,23
2012-04-14,DE,00+,3
2012-04-15,DE,00+,2
2012-04-16,DE,00+,27
2012-04-17,DE,00+,21
2012-04-18,DE,00+,5
2012-04-19,DE,00+,15
2012-04-20,DE,00+,13
2012-04-21,DE,00+,6
2012-04-22,DE,00+,4
2012-04-23,DE,00+,23
2012-04-24,DE,00+,7
2012-04-25,DE,00+,22
2012-04-26,DE,00+,13
2012-04-27,DE,00+,15
2012-04-28,DE,00+,6
2012-04-29,DE,00+,4
2012-04-30,DE,00+,16
2012-05-01,DE,00+,5
2012-05-02,DE,00+,21
2012-05-03,DE,00+,14
2012-05-04,DE,00+,14
2012-05-07,DE,00+,14
2012-05-08,DE,00+,13
2012-05-09,DE,00+,11
2012-05-10,DE,00+,10
2012-05-11,DE,00+,18
2012-05-12,DE,00+,7
2012-05-13,DE,00+,1
2012-05-14,DE,00+,20
2012-05-15,DE,00+,10
2012-05-16,DE,00+,13
2012-05-17,DE,00+,2
2012-05-18,DE,00+,11
2012-05-19,DE,00+,5
2012-05-20,DE,00+,5
2012-05-21,DE,00+,8
2012-05-22,DE,00+,12
2012-05-23,DE,00+,10
2012-05-24,DE,00+,7
2012-05-25,DE,00+,2
2012-05-26,DE,00+,14
2012-05-28,DE,00+,1
2012-05-29,DE,00+,14
2012-05-30,DE,00+,5
2012-05-31,DE,00+,10
2012-06-01,DE,00+,9
2012-06-02,DE,00+,4
2012-06-03,DE,00+,1
2012-06-04,DE,00+,4
2012-06-05,DE,00+,13
2012-06-06,DE,00+,6
2012-06-07,DE,00+,4
2012-06-08,DE,00+,12
2012-06-11,DE,00+,10
2012-06-12,DE,00+,6
2012-06-13,DE,00+,7
2012-06-14,DE,00+,5
2012-06-15,DE,00+,7
2012-06-16,DE,00+,2
2012-06-17,DE,00+,1
2012-06-18,DE,00+,4
2012-06-19,DE,00+,13
2012-06-20,DE,00+,8
2012-06-21,DE,00+,8
2012-06-22,DE,00+,7
2012-06-23,DE,00+,9
2012-06-24,DE,00+,1
2012-06-25,DE,00+,7
2012-06-26,DE,00+,14
2012-06-27,DE,00+,4
2012-06-28,DE,00+,6
2012-06-29,DE,00+,11
2012-06-30,DE,00+,7
2012-07-02,DE,00+,10
2012-07-03,DE,00+,3
2012-07-04,DE,00+,5
2012-07-05,DE,00+,7
2012-07-06,DE,00+,14
2012-07-07,DE,00+,3
2012-07-08,DE,00+,1
2012-07-09,DE,00+,10
2012-07-10,DE,00+,9
2012-07-11,DE,00+,5
2012-07-12,DE,00+,15
2012-07-13,DE,00+,3
2012-07-16,DE,00+,8
2012-07-17,DE,00+,15
2012-07-18,DE,00+,7
2012-07-19,DE,00+,8
2012-07-20,DE,00+,4
2012-07-21,DE,00+,3
2012-07-23,DE,00+,11
2012-07-24,DE,00+,6
2012-07-25,DE,00+,4
2012-07-26,DE,00+,5
2012-07-27,DE,00+,7
2012-07-30,DE,00+,9
2012-07-31,DE,00+,6
2012-08-01,DE,00+,7
2012-08-02,DE,00+,6
2012-08-03,DE,00+,5
2012-08-04,DE,00+,2
2012-08-06,DE,00+,3
2012-08-07,DE,00+,4
2012-08-08,DE,00+,1
2012-08-09,DE,00+,9
2012-08-10,DE,00+,3
2012-08-12,DE,00+,2
2012-08-13,DE,00+,6
2012-08-14,DE,00+,6
2012-08-15,DE,00+,1
2012-08-16,DE,00+,4
2012-08-17,DE,00+,4
2012-08-20,DE,00+,2
2012-08-21,DE,00+,3
2012-08-22,DE,00+,2
2012-08-23,DE,00+,2
2012-08-24,DE,00+,2
2012-08-27,DE,00+,2
2012-08-28,DE,00+,1
2012-08-29,DE,00+,1
2012-08-30,DE,00+,8
2012-08-31,DE,00+,5
2012-09-01,DE,00+,1
2012-09-02,DE,00+,1
2012-09-03,DE,00+,10
2012-09-04,DE,00+,6
2012-09-05,DE,00+,10
2012-09-06,DE,00+,8
2012-09-07,DE,00+,6
2012-09-08,DE,00+,5
2012-09-10,DE,00+,6
2012-09-11,DE,00+,9
2012-09-12,DE,00+,6
2012-09-13,DE,00+,5
2012-09-14,DE,00+,8
2012-09-15,DE,00+,4
2012-09-17,DE,00+,8
2012-09-18,DE,00+,7
2012-09-19,DE,00+,5
2012-09-20,DE,00+,1
2012-09-21,DE,00+,8
2012-09-22,DE,00+,1
2012-09-24,DE,00+,1
2012-09-25,DE,00+,7
2012-09-26,DE,00+,15
2012-09-27,DE,00+,4
2012-09-28,DE,00+,9
2012-09-29,DE,00+,1
2012-10-01,DE,00+,5
2012-10-02,DE,00+,12
2012-10-03,DE,00+,1
2012-10-04,DE,00+,9
2012-10-05,DE,00+,8
2012-10-06,DE,00+,1
2012-10-07,DE,00+,1
2012-10-08,DE,00+,9
2012-10-09,DE,00+,5
2012-10-10,DE,00+,11
2012-10-11,DE,00+,8
2012-10-12,DE,00+,6
2012-10-13,DE,00+,1
2012-10-15,DE,00+,14
2012-10-16,DE,00+,6
2012-10-17,DE,00+,9
2012-10-18,DE,00+,9
2012-10-19,DE,00+,2
2012-10-20,DE,00+,1
2012-10-22,DE,00+,12
2012-10-23,DE,00+,6
2012-10-24,DE,00+,10
2012-10-25,DE,00+,4
2012-10-26,DE,00+,12
2012-10-28,DE,00+,2
2012-10-29,DE,00+,14
2012-10-30,DE,00+,12
2012-10-31,DE,00+,14
2012-11-02,DE,00+,11
2012-11-03,DE,00+,2
2012-11-04,DE,00+,1
2012-11-05,DE,00+,23
2012-11-06,DE,00+,9
2012-11-07,DE,00+,11
2012-11-08,DE,00+,11
2012-11-09,DE,00+,13
2012-11-10,DE,00+,1
2012-11-11,DE,00+,2
2012-11-12,DE,00+,16
2012-11-13,DE,00+,14
2012-11-14,DE,00+,15
2012-11-15,DE,00+,17
2012-11-16,DE,00+,15
2012-11-17,DE,00+,9
2012-11-19,DE,00+,16
2012-11-20,DE,00+,21
2012-11-21,DE,00+,16
2012-11-22,DE,00+,21
2012-11-23,DE,00+,14
2012-11-24,DE,00+,8
2012-11-25,DE,00+,3
2012-11-26,DE,00+,32
2012-11-27,DE,00+,16
2012-11-28,DE,00+,21
2012-11-29,DE,00+,12
2012-11-30,DE,00+,18
2012-12-01,DE,00+,8
2012-12-03,DE,00+,21
2012-12-04,DE,00+,17
2012-12-05,DE,00+,26
2012-12-06,DE,00+,26
2012-12-07,DE,00+,22
2012-12-08,DE,00+,5
2012-12-09,DE,00+,1
2012-12-10,DE,00+,30
2012-12-11,DE,00+,25
2012-12-12,DE,00+,20
2012-12-13,DE,00+,24
2012-12-14,DE,00+,27
2012-12-15,DE,00+,9
2012-12-17,DE,00+,34
2012-12-18,DE,00+,43
2012-12-19,DE,00+,28
2012-12-20,DE,00+,25
2012-12-21,DE,00+,33
2012-12-22,DE,00+,13
2012-12-23,DE,00+,3
2012-12-24,DE,00+,14
2012-12-25,DE,00+,10
2012-12-26,DE,00+,7
2012-12-27,DE,00+,50
2012-12-28,DE,00+,52
2012-12-29,DE,00+,17
2012-12-30,DE,00+,7
2012-12-31,DE,00+,17
2013-01-01,DE,00+,3
2013-01-02,DE,00+,57
2013-01-03,DE,00+,44
2013-01-04,DE,00+,49
2013-01-05,DE,00+,6
2013-01-06,DE,00+,2
2013-01-07,DE,00+,32
2013-01-08,DE,00+,37
2013-01-09,DE,00+,37
2013-01-10,DE,00+,26
2013-01-11,DE,00+,37
2013-01-12,DE,00+,12
2013-01-13,DE,00+,8
2013-01-14,DE,00+,36
2013-01-15,DE,00+,51
2013-01-16,DE,00+,35
2013-01-17,DE,00+,32
2013-01-18,DE,00+,30
2013-01-19,DE,00+,8
2013-01-20,DE,00+,2
2013-01-21,DE,00+,88
2013-01-22,DE,00+,56
2013-01-23,DE,00+,47
2013-01-24,DE,00+,63
2013-01-25,DE,00+,62
2013-01-26,DE,00+,14
2013-01-27,DE,00+,5
2013-01-28,DE,00+,88
2013-01-29,DE,00+,89
2013-01-30,DE,00+,58
2013-01-31,DE,00+,90
2013-02-01,DE,00+,89
2013-02-02,DE,00+,37
2013-02-03,DE,00+,5
2013-02-04,DE,00+,97
2013-02-05,DE,00+,92
2013-02-06,DE,00+,80
2013-02-07,DE,00+,59
2013-02-08,DE,00+,96
2013-02-09,DE,00+,13
2013-02-10,DE,00+,14
2013-02-11,DE,00+,84
2013-02-12,DE,00+,119
2013-02-13,DE,00+,94
2013-02-14,DE,00+,82
2013-02-15,DE,00+,66
2013-02-16,DE,00+,25
2013-02-18,DE,00+,97
2013-02-19,DE,00+,76
2013-02-20,DE,00+,88
2013-02-21,DE,00+,97
2013-02-22,DE,00+,73
2013-02-23,DE,00+,18
2013-02-24,DE,00+,14
2013-02-25,DE,00+,119
2013-02-26,DE,00+,86
2013-02-27,DE,00+,87
2013-02-28,DE,00+,63
2013-03-01,DE,00+,80
2013-03-02,DE,00+,31
2013-03-03,DE,00+,6
2013-03-04,DE,00+,81
2013-03-05,DE,00+,90
2013-03-06,DE,00+,59
2013-03-07,DE,00+,68
2013-03-08,DE,00+,59
2013-03-09,DE,00+,20
2013-03-10,DE,00+,8
2013-03-11,DE,00+,94
2013-03-12,DE,00+,63
2013-03-13,DE,00+,71
2013-03-14,DE,00+,68
2013-03-15,DE,00+,57
2013-03-16,DE,00+,22
2013-03-17,DE,00+,2
2013-03-18,DE,00+,74
2013-03-19,DE,00+,65
2013-03-20,DE,00+,71
2013-03-21,DE,00+,46
2013-03-22,DE,00+,52
2013-03-23,DE,00+,25
2013-03-24,DE,00+,3
2013-03-25,DE,00+,47
2013-03-26,DE,00+,54
2013-03-27,DE,00+,50
2013-03-28,DE,00+,61
2013-03-29,DE,00+,3
2013-03-30,DE,00+,18
2013-04-01,DE,00+,10
2013-04-02,DE,00+,92
2013-04-03,DE,00+,59
2013-04-04,DE,00+,53
2013-04-05,DE,00+,46
2013-04-06,DE,00+,16
2013-04-07,DE,00+,2
2013-04-08,DE,00+,55
2013-04-09,DE,00+,48
2013-04-10,DE,00+,20
2013-04-11,DE,00+,40
2013-04-12,DE,00+,40
2013-04-13,DE,00+,14
2013-04-14,DE,00+,4
2013-04-15,DE,00+,28
2013-04-16,DE,00+,35
2013-04-17,DE,00+,39
2013-04-18,DE,00+,24
2013-04-19,DE,00+,21
2013-04-20,DE,00+,16
2013-04-21,DE,00+,3
2013-04-22,DE,00+,49
2013-04-23,DE,00+,27
2013-04-24,DE,00+,38
2013-04-25,DE,00+,28
2013-04-26,DE,00+,20
2013-04-27,DE,00+,13
2013-04-28,DE,00+,4
2013-04-29,DE,00+,31
2013-04-30,DE,00+,30
2013-05-01,DE,00+,2
2013-05-02,DE,00+,23
2013-05-03,DE,00+,25
2013-05-04,DE,00+,11
2013-05-05,DE,00+,4
2013-05-06,DE,00+,29
2013-05-07,DE,00+,25
2013-05-08,DE,00+,20
2013-05-09,DE,00+,2
2013-05-10,DE,00+,21
2013-05-11,DE,00+,8
2013-05-12,DE,00+,7
2013-05-13,DE,00+,37
2013-05-14,DE,00+,19
2013-05-15,DE,00+,18
2013-05-16,DE,00+,23
2013-05-17,DE,00+,15
2013-05-18,DE,00+,5
2013-05-19,DE,00+,1
2013-05-20,DE,00+,1
2013-05-21,DE,00+,33
2013-05-22,DE,00+,39
2013-05-23,DE,00+,18
2013-05-24,DE,00+,25
2013-05-25,DE,00+,3
2013-05-26,DE,00+,3
2013-05-27,DE,00+,24
2013-05-28,DE,00+,18
2013-05-29,DE,00+,16
2013-05-30,DE,00+,2
2013-05-31,DE,00+,25
2013-06-01,DE,00+,5
2013-06-02,DE,00+,5
2013-06-03,DE,00+,20
2013-06-04,DE,00+,22
2013-06-05,DE,00+,10
2013-06-06,DE,00+,21
2013-06-07,DE,00+,13
2013-06-08,DE,00+,2
2013-06-09,DE,00+,1
2013-06-10,DE,00+,25
2013-06-11,DE,00+,16
2013-06-12,DE,00+,27
2013-06-13,DE,00+,8
2013-06-14,DE,00+,20
2013-06-15,DE,00+,4
2013-06-17,DE,00+,8
2013-06-18,DE,00+,11
2013-06-19,DE,00+,7
2013-06-20,DE,00+,8
2013-06-21,DE,00+,19
2013-06-22,DE,00+,1
2013-06-23,DE,00+,3
2013-06-24,DE,00+,19
2013-06-25,DE,00+,15
2013-06-26,DE,00+,10
2013-06-27,DE,00+,18
2013-06-28,DE,00+,4
2013-06-29,DE,00+,5
2013-06-30,DE,00+,4
2013-07-01,DE,00+,11
2013-07-02,DE,00+,8
2013-07-03,DE,00+,16
2013-07-04,DE,00+,15
2013-07-05,DE,00+,8
2013-07-06,DE,00+,2
2013-07-07,DE,00+,2
2013-07-08,DE,00+,18
2013-07-09,DE,00+,17
2013-07-10,DE,00+,7
2013-07-11,DE,00+,15
2013-07-12,DE,00+,13
2013-07-14,DE,00+,2
2013-07-15,DE,00+,14
2013-07-16,DE,00+,17
2013-07-17,DE,00+,9
2013-07-18,DE,00+,10
2013-07-19,DE,00+,8
2013-07-20,DE,00+,2
2013-07-22,DE,00+,14
2013-07-23,DE,00+,10
2013-07-24,DE,00+,9
2013-07-25,DE,00+,6
2013-07-26,DE,00+,11
2013-07-27,DE,00+,1
2013-07-28,DE,00+,1
2013-07-29,DE,00+,12
2013-07-30,DE,00+,7
2013-07-31,DE,00+,4
2013-08-01,DE,00+,8
2013-08-02,DE,00+,3
2013-08-03,DE,00+,4
2013-08-04,DE,00+,1
2013-08-05,DE,00+,6
2013-08-06,DE,00+,6
2013-08-07,DE,00+,6
2013-08-08,DE,00+,4
2013-08-09,DE,00+,7
2013-08-10,DE,00+,2
2013-08-12,DE,00+,2
2013-08-13,DE,00+,7
2013-08-14,DE,00+,6
2013-08-15,DE,00+,4
2013-08-16,DE,00+,2
2013-08-17,DE,00+,2
2013-08-18,DE,00+,1
2013-08-19,DE,00+,10
2013-08-20,DE,00+,8
2013-08-21,DE,00+,7
2013-08-22,DE,00+,4
2013-08-23,DE,00+,5
2013-08-24,DE,00+,1
2013-08-25,DE,00+,1
2013-08-26,DE,00+,9
2013-08-27,DE,00+,10
2013-08-28,DE,00+,9
2013-08-29,DE,00+,6
2013-08-30,DE,00+,10
2013-08-31,DE,00+,3
2013-09-02,DE,00+,9
2013-09-03,DE,00+,9
2013-09-04,DE,00+,8
2013-09-05,DE,00+,2
2013-09-06,DE,00+,10
2013-09-07,DE,00+,4
2013-09-08,DE,00+,2
2013-09-09,DE,00+,9
2013-09-10,DE,00+,9
2013-09-11,DE,00+,6
2013-09-12,DE,00+,13
2013-09-13,DE,00+,10
2013-09-14,DE,00+,2
2013-09-15,DE,00+,1
2013-09-16,DE,00+,16
2013-09-17,DE,00+,15
2013-09-18,DE,00+,15
2013-09-19,DE,00+,3
2013-09-20,DE,00+,14
2013-09-21,DE,00+,2
2013-09-23,DE,00+,19
2013-09-24,DE,00+,8
2013-09-25,DE,00+,14
2013-09-26,DE,00+,13
2013-09-27,DE,00+,18
2013-09-28,DE,00+,3
2013-09-30,DE,00+,24
2013-10-01,DE,00+,22
2013-10-02,DE,00+,20
2013-10-03,DE,00+,4
2013-10-04,DE,00+,9
2013-10-05,DE,00+,2
2013-10-07,DE,00+,25
2013-10-08,DE,00+,20
2013-10-09,DE,00+,21
2013-10-10,DE,00+,18
2013-10-11,DE,00+,20
2013-10-13,DE,00+,1
2013-10-14,DE,00+,15
2013-10-15,DE,00+,9
2013-10-16,DE,00+,18
2013-10-17,DE,00+,15
2013-10-18,DE,00+,15
2013-10-19,DE,00+,8
2013-10-21,DE,00+,14
2013-10-22,DE,00+,19
2013-10-23,DE,00+,20
2013-10-24,DE,00+,18
2013-10-25,DE,00+,16
2013-10-26,DE,00+,3
2013-10-27,DE,00+,1
2013-10-28,DE,00+,19
2013-10-29,DE,00+,11
2013-10-30,DE,00+,15
2013-10-31,DE,00+,17
2013-11-01,DE,00+,1
2013-11-02,DE,00+,3
2013-11-04,DE,00+,21
2013-11-05,DE,00+,12
2013-11-06,DE,00+,7
2013-11-07,DE,00+,16
2013-11-08,DE,00+,14
2013-11-09,DE,00+,3
2013-11-10,DE,00+,1
2013-11-11,DE,00+,26
2013-11-12,DE,00+,11
2013-11-13,DE,00+,7
2013-11-14,DE,00+,8
2013-11-15,DE,00+,10
2013-11-16,DE,00+,1
2013-11-17,DE,00+,1
2013-11-18,DE,00+,17
2013-11-19,DE,00+,11
2013-11-20,DE,00+,12
2013-11-21,DE,00+,18
2013-11-22,DE,00+,24
2013-11-23,DE,00+,3
2013-11-25,DE,00+,15
2013-11-26,DE,00+,17
2013-11-27,DE,00+,12
2013-11-28,DE,00+,12
2013-11-29,DE,00+,15
2013-11-30,DE,00+,5
2013-12-01,DE,00+,1
2013-12-02,DE,00+,25
2013-12-03,DE,00+,15
2013-12-04,DE,00+,12
2013-12-05,DE,00+,14
2013-12-06,DE,00+,13
2013-12-07,DE,00+,6
2013-12-08,DE,00+,2
2013-12-09,DE,00+,28
2013-12-10,DE,00+,9
2013-12-11,DE,00+,15
2013-12-12,DE,00+,11
2013-12-13,DE,00+,18
2013-12-14,DE,00+,5
2013-12-15,DE,00+,1
2013-12-16,DE,00+,18
2013-12-17,DE,00+,24
2013-12-18,DE,00+,21
2013-12-19,DE,00+,18
2013-12-20,DE,00+,19
2013-12-21,DE,00+,5
2013-12-22,DE,00+,2
2013-12-23,DE,00+,28
2013-12-24,DE,00+,10
2013-12-25,DE,00+,2
2013-12-26,DE,00+,4
2013-12-27,DE,00+,34
2013-12-28,DE,00+,13
2013-12-29,DE,00+,3
2013-12-30,DE,00+,27
2013-12-31,DE,00+,11
2014-01-01,DE,00+,2
2014-01-02,DE,00+,34
2014-01-03,DE,00+,31
2014-01-04,DE,00+,9
2014-01-05,DE,00+,4
2014-01-06,DE,00+,20
2014-01-07,DE,00+,23
2014-01-08,DE,00+,13
2014-01-09,DE,00+,16
2014-01-10,DE,00+,19
2014-01-11,DE,00+,6
2014-01-12,DE,00+,3
2014-01-13,DE,00+,24
2014-01-14,DE,00+,24
2014-01-15,DE,00+,11
2014-01-16,DE,00+,15
2014-01-17,DE,00+,28
2014-01-18,DE,00+,5
2014-01-19,DE,00+,5
2014-01-20,DE,00+,44
2014-01-21,DE,00+,30
2014-01-22,DE,00+,30
2014-01-23,DE,00+,27
2014-01-24,DE,00+,40
2014-01-25,DE,00+,6
2014-01-26,DE,00+,2
2014-01-27,DE,00+,47
2014-01-28,DE,00+,33
2014-01-29,DE,00+,41
2014-01-30,DE,00+,38
2014-01-31,DE,00+,48
2014-02-01,DE,00+,21
2014-02-02,DE,00+,4
2014-02-03,DE,00+,63
2014-02-04,DE,00+,45
2014-02-05,DE,00+,39
2014-02-06,DE,00+,32
2014-02-07,DE,00+,40
2014-02-08,DE,00+,21
2014-02-09,DE,00+,7
2014-02-10,DE,00+,61
2014-02-11,DE,00+,48
2014-02-12,DE,00+,71
2014-02-13,DE,00+,33
2014-02-14,DE,00+,52
2014-02-15,DE,00+,19
2014-02-16,DE,00+,12
2014-02-17,DE,00+,59
2014-02-18,DE,00+,54
2014-02-19,DE,00+,52
2014-02-20,DE,00+,52
2014-02-21,DE,00+,47
2014-02-22,DE,00+,13
2014-02-23,DE,00+,9
2014-02-24,DE,00+,71
2014-02-25,DE,00+,37
2014-02-26,DE,00+,52
2014-02-27,DE,00+,50
2014-02-28,DE,00+,35
2014-03-01,DE,00+,24
2014-03-02,DE,00+,3
2014-03-03,DE,00+,38
2014-03-04,DE,00+,66
2014-03-05,DE,00+,46
2014-03-06,DE,00+,33
2014-03-07,DE,00+,45
2014-03-08,DE,00+,18
2014-03-09,DE,00+,4
2014-03-10,DE,00+,38
2014-03-11,DE,00+,55
2014-03-12,DE,00+,38
2014-03-13,DE,00+,39
2014-03-14,DE,00+,42
2014-03-15,DE,00+,7
2014-03-16,DE,00+,7
2014-03-17,DE,00+,62
2014-03-18,DE,00+,47
2014-03-19,DE,00+,41
2014-03-20,DE,00+,48
2014-03-21,DE,00+,57
2014-03-22,DE,00+,11
2014-03-23,DE,00+,1
2014-03-24,DE,00+,67
2014-03-25,DE,00+,29
2014-03-26,DE,00+,37
2014-03-27,DE,00+,41
2014-03-28,DE,00+,26
2014-03-29,DE,00+,15
2014-03-30,DE,00+,6
2014-03-31,DE,00+,46
2014-04-01,DE,00+,30
2014-04-02,DE,00+,34
2014-04-03,DE,00+,43
2014-04-04,DE,00+,34
2014-04-05,DE,00+,9
2014-04-06,DE,00+,2
2014-04-07,DE,00+,57
2014-04-08,DE,00+,58
2014-04-09,DE,00+,19
2014-04-10,DE,00+,33
2014-04-11,DE,00+,25
2014-04-12,DE,00+,11
2014-04-13,DE,00+,4
2014-04-14,DE,00+,42
2014-04-15,DE,00+,27
2014-04-16,DE,00+,42
2014-04-17,DE,00+,27
2014-04-19,DE,00+,13
2014-04-21,DE,00+,6
2014-04-22,DE,00+,49
2014-04-23,DE,00+,40
2014-04-24,DE,00+,21
2014-04-25,DE,00+,25
2014-04-26,DE,00+,11
2014-04-27,DE,00+,1
2014-04-28,DE,00+,15
2014-04-29,DE,00+,10
2014-04-30,DE,00+,21
2014-05-01,DE,00+,4
2014-05-02,DE,00+,31
2014-05-03,DE,00+,7
2014-05-04,DE,00+,1
2014-05-05,DE,00+,26
2014-05-06,DE,00+,15
2014-05-07,DE,00+,13
2014-05-08,DE,00+,18
2014-05-09,DE,00+,16
2014-05-10,DE,00+,3
2014-05-11,DE,00+,2
2014-05-12,DE,00+,18
2014-05-13,DE,00+,15
2014-05-14,DE,00+,13
2014-05-15,DE,00+,24
2014-05-16,DE,00+,15
2014-05-17,DE,00+,9
2014-05-19,DE,00+,21
2014-05-20,DE,00+,27
2014-05-21,DE,00+,13
2014-05-22,DE,00+,16
2014-05-23,DE,00+,14
2014-05-24,DE,00+,4
2014-05-26,DE,00+,19
2014-05-27,DE,00+,16
2014-05-28,DE,00+,14
2014-05-29,DE,00+,3
2014-05-30,DE,00+,27
2014-05-31,DE,00+,3
2014-06-01,DE,00+,3
2014-06-02,DE,00+,15
2014-06-03,DE,00+,10
2014-06-04,DE,00+,11
2014-06-05,DE,00+,12
2014-06-06,DE,00+,6
2014-06-07,DE,00+,2
2014-06-10,DE,00+,10
2014-06-11,DE,00+,15
2014-06-12,DE,00+,6
2014-06-13,DE,00+,7
2014-06-14,DE,00+,1
2014-06-16,DE,00+,13
2014-06-17,DE,00+,16
2014-06-18,DE,00+,8
2014-06-19,DE,00+,2
2014-06-20,DE,00+,8
2014-06-21,DE,00+,4
2014-06-23,DE,00+,20
2014-06-24,DE,00+,12
2014-06-25,DE,00+,14
2014-06-26,DE,00+,3
2014-06-27,DE,00+,7
2014-06-28,DE,00+,1
2014-06-30,DE,00+,14
2014-07-01,DE,00+,11
2014-07-02,DE,00+,4
2014-07-03,DE,00+,14
2014-07-04,DE,00+,9
2014-07-05,DE,00+,2
2014-07-06,DE,00+,1
2014-07-07,DE,00+,14
2014-07-08,DE,00+,10
2014-07-09,DE,00+,6
2014-07-10,DE,00+,7
2014-07-11,DE,00+,15
2014-07-12,DE,00+,7
2014-07-14,DE,00+,9
2014-07-15,DE,00+,5
2014-07-16,DE,00+,9
2014-07-17,DE,00+,3
2014-07-18,DE,00+,11
2014-07-19,DE,00+,4
2014-07-21,DE,00+,6
2014-07-22,DE,00+,10
2014-07-23,DE,00+,11
2014-07-24,DE,00+,12
2014-07-25,DE,00+,8
2014-07-26,DE,00+,3
2014-07-27,DE,00+,2
2014-07-28,DE,00+,11
2014-07-29,DE,00+,9
2014-07-30,DE,00+,4
2014-07-31,DE,00+,5
2014-08-01,DE,00+,5
2014-08-02,DE,00+,4
2014-08-04,DE,00+,8
2014-08-05,DE,00+,7
2014-08-06,DE,00+,1
2014-08-07,DE,00+,5
2014-08-08,DE,00+,10
2014-08-09,DE,00+,3
2014-08-11,DE,00+,3
2014-08-12,DE,00+,3
2014-08-13,DE,00+,8
2014-08-14,DE,00+,3
2014-08-16,DE,00+,2
2014-08-17,DE,00+,1
2014-08-18,DE,00+,7
2014-08-19,DE,00+,1
2014-08-20,DE,00+,7
2014-08-21,DE,00+,6
2014-08-22,DE,00+,2
2014-08-23,DE,00+,4
2014-08-24,DE,00+,1
2014-08-25,DE,00+,5
2014-08-26,DE,00+,6
2014-08-27,DE,00+,9
2014-08-28,DE,00+,5
2014-08-29,DE,00+,8
2014-08-30,DE,00+,2
2014-08-31,DE,00+,1
2014-09-01,DE,00+,7
2014-09-02,DE,00+,4
2014-09-03,DE,00+,12
2014-09-04,DE,00+,10
2014-09-05,DE,00+,4
2014-09-06,DE,00+,4
2014-09-08,DE,00+,8
2014-09-09,DE,00+,13
2014-09-10,DE,00+,5
2014-09-11,DE,00+,8
2014-09-12,DE,00+,8
2014-09-13,DE,00+,5
2014-09-15,DE,00+,12
2014-09-16,DE,00+,9
2014-09-17,DE,00+,17
2014-09-18,DE,00+,8
2014-09-19,DE,00+,12
2014-09-20,DE,00+,3
2014-09-22,DE,00+,17
2014-09-23,DE,00+,10
2014-09-24,DE,00+,13
2014-09-25,DE,00+,10
2014-09-26,DE,00+,14
2014-09-27,DE,00+,1
2014-09-29,DE,00+,13
2014-09-30,DE,00+,17
2014-10-01,DE,00+,9
2014-10-02,DE,00+,9
2014-10-03,DE,00+,3
2014-10-04,DE,00+,5
2014-10-05,DE,00+,5
2014-10-06,DE,00+,25
2014-10-07,DE,00+,16
2014-10-08,DE,00+,8
2014-10-09,DE,00+,10
2014-10-10,DE,00+,16
2014-10-11,DE,00+,7
2014-10-12,DE,00+,1
2014-10-13,DE,00+,26
2014-10-14,DE,00+,18
2014-10-15,DE,00+,6
2014-10-16,DE,00+,12
2014-10-17,DE,00+,12
2014-10-18,DE,00+,4
2014-10-19,DE,00+,3
2014-10-20,DE,00+,16
2014-10-21,DE,00+,21
2014-10-22,DE,00+,11
2014-10-23,DE,00+,7
2014-10-24,DE,00+,14
2014-10-25,DE,00+,3
2014-10-26,DE,00+,3
2014-10-27,DE,00+,26
2014-10-28,DE,00+,16
2014-10-29,DE,00+,11
2014-10-30,DE,00+,13
2014-10-31,DE,00+,14
2014-11-01,DE,00+,2
2014-11-02,DE,00+,4
2014-11-03,DE,00+,24
2014-11-04,DE,00+,17
2014-11-05,DE,00+,10
2014-11-06,DE,00+,10
2014-11-07,DE,00+,13
2014-11-08,DE,00+,4
2014-11-10,DE,00+,27
2014-11-11,DE,00+,13
2014-11-12,DE,00+,18
2014-11-13,DE,00+,18
2014-11-14,DE,00+,30
2014-11-15,DE,00+,7
2014-11-16,DE,00+,1
2014-11-17,DE,00+,22
2014-11-18,DE,00+,25
2014-11-19,DE,00+,16
2014-11-20,DE,00+,20
2014-11-21,DE,00+,16
2014-11-22,DE,00+,5
2014-11-23,DE,00+,2
2014-11-24,DE,00+,27
2014-11-25,DE,00+,19
2014-11-26,DE,00+,17
2014-11-27,DE,00+,20
2014-11-28,DE,00+,22
2014-11-29,DE,00+,12
2014-11-30,DE,00+,4
2014-12-01,DE,00+,25
2014-12-02,DE,00+,21
2014-12-03,DE,00+,25
2014-12-04,DE,00+,20
2014-12-05,DE,00+,24
2014-12-06,DE,00+,9
2014-12-07,DE,00+,2
2014-12-08,DE,00+,31
2014-12-09,DE,00+,18
2014-12-10,DE,00+,28
2014-12-11,DE,00+,26
2014-12-12,DE,00+,31
2014-12-13,DE,00+,20
2014-12-14,DE,00+,4
2014-12-15,DE,00+,49
2014-12-16,DE,00+,36
2014-12-17,DE,00+,33
2014-12-18,DE,00+,41
2014-12-19,DE,00+,36
2014-12-20,DE,00+,18
2014-12-21,DE,00+,3
2014-12-22,DE,00+,53
2014-12-23,DE,00+,49
2014-12-24,DE,00+,11
2014-12-25,DE,00+,5
2014-12-26,DE,00+,10
2014-12-27,DE,00+,31
2014-12-28,DE,00+,8
2014-12-29,DE,00+,89
2014-12-30,DE,00+,50
2014-12-31,DE,00+,25
2015-01-01,DE,00+,11
2015-01-02,DE,00+,79
2015-01-03,DE,00+,22
2015-01-04,DE,00+,5
2015-01-05,DE,00+,65
2015-01-06,DE,00+,19
2015-01-07,DE,00+,50
2015-01-08,DE,00+,51
2015-01-09,DE,00+,48
2015-01-10,DE,00+,12
2015-01-11,DE,00+,5
2015-01-12,DE,00+,67
2015-01-13,DE,00+,51
2015-01-14,DE,00+,54
2015-01-15,DE,00+,48
2015-01-16,DE,00+,50
2015-01-17,DE,00+,18
2015-01-18,DE,00+,14
2015-01-19,DE,00+,87
2015-01-20,DE,00+,57
2015-01-21,DE,00+,69
2015-01-22,DE,00+,76
2015-01-23,DE,00+,79
2015-01-24,DE,00+,26
2015-01-25,DE,00+,10
2015-01-26,DE,00+,101
2015-01-27,DE,00+,71
2015-01-28,DE,00+,78
2015-01-29,DE,00+,85
2015-01-30,DE,00+,89
2015-01-31,DE,00+,23
2015-02-01,DE,00+,9
2015-02-02,DE,00+,155
2015-02-03,DE,00+,130
2015-02-04,DE,00+,85
2015-02-05,DE,00+,115
2015-02-06,DE,00+,130
2015-02-07,DE,00+,20
2015-02-08,DE,00+,11
2015-02-09,DE,00+,146
2015-02-10,DE,00+,108
2015-02-11,DE,00+,146
2015-02-12,DE,00+,122
2015-02-13,DE,00+,116
2015-02-14,DE,00+,41
2015-02-15,DE,00+,39
2015-02-16,DE,00+,106
2015-02-17,DE,00+,131
2015-02-18,DE,00+,129
2015-02-19,DE,00+,92
2015-02-20,DE,00+,107
2015-02-21,DE,00+,29
2015-02-22,DE,00+,21
2015-02-23,DE,00+,142
2015-02-24,DE,00+,104
2015-02-25,DE,00+,115
2015-02-26,DE,00+,87
2015-02-27,DE,00+,94
2015-02-28,DE,00+,29
2015-03-01,DE,00+,19
2015-03-02,DE,00+,134
2015-03-03,DE,00+,108
2015-03-04,DE,00+,116
2015-03-05,DE,00+,75
2015-03-06,DE,00+,85
2015-03-07,DE,00+,28
2015-03-08,DE,00+,13
2015-03-09,DE,00+,117
2015-03-10,DE,00+,111
2015-03-11,DE,00+,82
2015-03-12,DE,00+,83
2015-03-13,DE,00+,75
2015-03-14,DE,00+,18
2015-03-15,DE,00+,15
2015-03-16,DE,00+,94
2015-03-17,DE,00+,58
2015-03-18,DE,00+,47
2015-03-19,DE,00+,51
2015-03-20,DE,00+,60
2015-03-21,DE,00+,21
2015-03-22,DE,00+,5
2015-03-23,DE,00+,76
2015-03-24,DE,00+,63
2015-03-25,DE,00+,55
2015-03-26,DE,00+,57
2015-03-27,DE,00+,43
2015-03-28,DE,00+,9
2015-03-29,DE,00+,8
2015-03-30,DE,00+,45
2015-03-31,DE,00+,45
2015-04-01,DE,00+,59
2015-04-02,DE,00+,62
2015-04-03,DE,00+,7
2015-04-04,DE,00+,26
2015-04-05,DE,00+,4
2015-04-06,DE,00+,16
2015-04-07,DE,00+,70
2015-04-08,DE,00+,46
2015-04-09,DE,00+,23
2015-04-10,DE,00+,44
2015-04-11,DE,00+,13
2015-04-12,DE,00+,2
2015-04-13,DE,00+,43
2015-04-14,DE,00+,53
2015-04-15,DE,00+,33
2015-04-16,DE,00+,37
2015-04-17,DE,00+,32
2015-04-18,DE,00+,6
2015-04-19,DE,00+,2
2015-04-20,DE,00+,48
2015-04-21,DE,00+,28
2015-04-22,DE,00+,22
2015-04-23,DE,00+,14
2015-04-24,DE,00+,17
2015-04-25,DE,00+,8
2015-04-26,DE,00+,1
2015-04-27,DE,00+,50
2015-04-28,DE,00+,24
2015-04-29,DE,00+,34
2015-04-30,DE,00+,18
2015-05-01,DE,00+,3
2015-05-02,DE,00+,11
2015-05-03,DE,00+,5
2015-05-04,DE,00+,36
2015-05-05,DE,00+,39
2015-05-06,DE,00+,29
2015-05-07,DE,00+,23
2015-05-08,DE,00+,22
2015-05-09,DE,00+,7
2015-05-10,DE,00+,5
2015-05-11,DE,00+,42
2015-05-12,DE,00+,23
2015-05-13,DE,00+,37
2015-05-14,DE,00+,2
2015-05-15,DE,00+,20
2015-05-16,DE,00+,5
2015-05-17,DE,00+,5
2015-05-18,DE,00+,26
2015-05-19,DE,00+,21
2015-05-20,DE,00+,29
2015-05-21,DE,00+,25
2015-05-22,DE,00+,22
2015-05-23,DE,00+,7
2015-05-24,DE,00+,4
2015-05-25,DE,00+,7
2015-05-26,DE,00+,28
2015-05-27,DE,00+,23
2015-05-28,DE,00+,11
2015-05-29,DE,00+,19
2015-05-30,DE,00+,14
2015-05-31,DE,00+,1
2015-06-01,DE,00+,32
2015-06-02,DE,00+,17
2015-06-03,DE,00+,14
2015-06-04,DE,00+,2
2015-06-05,DE,00+,34
2015-06-06,DE,00+,5
2015-06-07,DE,00+,1
2015-06-08,DE,00+,24
2015-06-09,DE,00+,22
2015-06-10,DE,00+,16
2015-06-11,DE,00+,15
2015-06-12,DE,00+,10
2015-06-15,DE,00+,16
2015-06-16,DE,00+,9
2015-06-17,DE,00+,16
2015-06-18,DE,00+,17
2015-06-19,DE,00+,12
2015-06-20,DE,00+,3
2015-06-21,DE,00+,3
2015-06-22,DE,00+,28
2015-06-23,DE,00+,15
2015-06-24,DE,00+,15
2015-06-25,DE,00+,14
2015-06-26,DE,00+,23
2015-06-27,DE,00+,7
2015-06-28,DE,00+,4
2015-06-29,DE,00+,16
2015-06-30,DE,00+,15
2015-07-01,DE,00+,17
2015-07-02,DE,00+,15
2015-07-03,DE,00+,16
2015-07-06,DE,00+,22
2015-07-07,DE,00+,15
2015-07-08,DE,00+,13
2015-07-09,DE,00+,12
2015-07-10,DE,00+,15
2015-07-11,DE,00+,3
2015-07-13,DE,00+,18
2015-07-14,DE,00+,15
2015-07-15,DE,00+,11
2015-07-16,DE,00+,10
2015-07-17,DE,00+,8
2015-07-20,DE,00+,13
2015-07-21,DE,00+,10
2015-07-22,DE,00+,16
2015-07-23,DE,00+,12
2015-07-24,DE,00+,18
2015-07-25,DE,00+,7
2015-07-27,DE,00+,17
2015-07-28,DE,00+,11
2015-07-29,DE,00+,8
2015-07-30,DE,00+,8
2015-07-31,DE,00+,8
2015-08-01,DE,00+,4
2015-08-02,DE,00+,1
2015-08-03,DE,00+,17
2015-08-04,DE,00+,12
2015-08-05,DE,00+,10
2015-08-06,DE,00+,13
2015-08-07,DE,00+,11
2015-08-08,DE,00+,2
2015-08-10,DE,00+,19
2015-08-11,DE,00+,12
2015-08-12,DE,00+,9
2015-08-13,DE,00+,11
2015-08-14,DE,00+,11
2015-08-15,DE,00+,9
2015-08-17,DE,00+,14
2015-08-18,DE,00+,10
2015-08-19,DE,00+,9
2015-08-20,DE,00+,13
2015-08-21,DE,00+,15
2015-08-23,DE,00+,1
2015-08-24,DE,00+,12
2015-08-25,DE,00+,15
2015-08-26,DE,00+,7
2015-08-27,DE,00+,14
2015-08-28,DE,00+,9
2015-08-29,DE,00+,3
2015-08-30,DE,00+,2
2015-08-31,DE,00+,17
2015-09-01,DE,00+,15
2015-09-02,DE,00+,17
2015-09-03,DE,00+,5
2015-09-04,DE,00+,14
2015-09-05,DE,00+,2
2015-09-07,DE,00+,18
2015-09-08,DE,00+,6
2015-09-09,DE,00+,24
2015-09-10,DE,00+,16
2015-09-11,DE,00+,15
2015-09-12,DE,00+,8
2015-09-13,DE,00+,1
2015-09-14,DE,00+,28
2015-09-15,DE,00+,15
2015-09-16,DE,00+,15
2015-09-17,DE,00+,15
2015-09-18,DE,00+,20
2015-09-19,DE,00+,3
2015-09-20,DE,00+,2
2015-09-21,DE,00+,32
2015-09-22,DE,00+,13
2015-09-23,DE,00+,19
2015-09-24,DE,00+,22
2015-09-25,DE,00+,11
2015-09-26,DE,00+,15
2015-09-27,DE,00+,1
2015-09-28,DE,00+,37
2015-09-29,DE,00+,33
2015-09-30,DE,00+,25
2015-10-01,DE,00+,16
2015-10-02,DE,00+,24
2015-10-03,DE,00+,1
2015-10-04,DE,00+,3
2015-10-05,DE,00+,32
2015-10-06,DE,00+,15
2015-10-07,DE,00+,18
2015-10-08,DE,00+,35
2015-10-09,DE,00+,23
2015-10-10,DE,00+,5
2015-10-11,DE,00+,2
2015-10-12,DE,00+,27
2015-10-13,DE,00+,24
2015-10-14,DE,00+,24
2015-10-15,DE,00+,20
2015-10-16,DE,00+,23
2015-10-17,DE,00+,3
2015-10-18,DE,00+,1
2015-10-19,DE,00+,26
2015-10-20,DE,00+,14
2015-10-21,DE,00+,22
2015-10-22,DE,00+,16
2015-10-23,DE,00+,21
2015-10-24,DE,00+,7
2015-10-25,DE,00+,1
2015-10-26,DE,00+,34
2015-10-27,DE,00+,32
2015-10-28,DE,00+,20
2015-10-29,DE,00+,12
2015-10-30,DE,00+,19
2015-10-31,DE,00+,3
2015-11-01,DE,00+,2
2015-11-02,DE,00+,19
2015-11-03,DE,00+,18
2015-11-04,DE,00+,15
2015-11-05,DE,00+,14
2015-11-06,DE,00+,9
2015-11-07,DE,00+,9
2015-11-08,DE,00+,2
2015-11-09,DE,00+,32
2015-11-10,DE,00+,19
2015-11-11,DE,00+,18
2015-11-12,DE,00+,8
2015-11-13,DE,00+,19
2015-11-14,DE,00+,12
2015-11-15,DE,00+,2
2015-11-16,DE,00+,20
2015-11-17,DE,00+,18
2015-11-18,DE,00+,27
2015-11-19,DE,00+,20
2015-11-20,DE,00+,14
2015-11-21,DE,00+,3
2015-11-22,DE,00+,1
2015-11-23,DE,00+,32
2015-11-24,DE,00+,19
2015-11-25,DE,00+,19
2015-11-26,DE,00+,27
2015-11-27,DE,00+,22
2015-11-28,DE,00+,8
2015-11-29,DE,00+,1
2015-11-30,DE,00+,30
2015-12-01,DE,00+,29
2015-12-02,DE,00+,22
2015-12-03,DE,00+,25
2015-12-04,DE,00+,25
2015-12-05,DE,00+,9
2015-12-06,DE,00+,4
2015-12-07,DE,00+,42
2015-12-08,DE,00+,24
2015-12-09,DE,00+,24
2015-12-10,DE,00+,23
2015-12-11,DE,00+,29
2015-12-12,DE,00+,6
2015-12-13,DE,00+,2
2015-12-14,DE,00+,74
2015-12-15,DE,00+,20
2015-12-16,DE,00+,32
2015-12-17,DE,00+,32
2015-12-18,DE,00+,29
2015-12-19,DE,00+,3
2015-12-20,DE,00+,5
2015-12-21,DE,00+,63
2015-12-22,DE,00+,43
2015-12-23,DE,00+,39
2015-12-24,DE,00+,13
2015-12-25,DE,00+,7
2015-12-26,DE,00+,2
2015-12-27,DE,00+,11
2015-12-28,DE,00+,76
2015-12-29,DE,00+,60
2015-12-30,DE,00+,39
2015-12-31,DE,00+,24
2016-01-01,DE,00+,2
2016-01-02,DE,00+,22
2016-01-03,DE,00+,5
2016-01-04,DE,00+,78
2016-01-05,DE,00+,55
2016-01-06,DE,00+,39
2016-01-07,DE,00+,55
2016-01-08,DE,00+,45
2016-01-09,DE,00+,8
2016-01-10,DE,00+,2
2016-01-11,DE,00+,74
2016-01-12,DE,00+,49
2016-01-13,DE,00+,46
2016-01-14,DE,00+,47
2016-01-15,DE,00+,32
2016-01-16,DE,00+,15
2016-01-17,DE,00+,1
2016-01-18,DE,00+,66
2016-01-19,DE,00+,41
2016-01-20,DE,00+,55
2016-01-21,DE,00+,45
2016-01-22,DE,00+,43
2016-01-23,DE,00+,13
2016-01-25,DE,00+,78
2016-01-26,DE,00+,58
2016-01-27,DE,00+,55
2016-01-28,DE,00+,61
2016-01-29,DE,00+,55
2016-01-30,DE,00+,7
2016-01-31,DE,00+,6
2016-02-01,DE,00+,116
2016-02-02,DE,00+,52
2016-02-03,DE,00+,72
2016-02-04,DE,00+,73
2016-02-05,DE,00+,59
2016-02-06,DE,00+,19
2016-02-07,DE,00+,3
2016-02-08,DE,00+,97
2016-02-09,DE,00+,83
2016-02-10,DE,00+,72
2016-02-11,DE,00+,77
2016-02-12,DE,00+,73
2016-02-13,DE,00+,14
2016-02-14,DE,00+,9
2016-02-15,DE,00+,100
2016-02-16,DE,00+,79
2016-02-17,DE,00+,78
2016-02-18,DE,00+,57
2016-02-19,DE,00+,63
2016-02-20,DE,00+,33
2016-02-21,DE,00+,6
2016-02-22,DE,00+,110
2016-02-23,DE,00+,77
2016-02-24,DE,00+,65
2016-02-25,DE,00+,69
2016-02-26,DE,00+,60
2016-02-27,DE,00+,13
2016-02-28,DE,00+,5
2016-02-29,DE,00+,139
2016-03-01,DE,00+,86
2016-03-02,DE,00+,94
2016-03-03,DE,00+,91
2016-03-04,DE,00+,65
2016-03-05,DE,00+,19
2016-03-06,DE,00+,1
2016-03-07,DE,00+,116
2016-03-08,DE,00+,100
2016-03-09,DE,00+,105
2016-03-10,DE,00+,97
2016-03-11,DE,00+,89
2016-03-12,DE,00+,16
2016-03-13,DE,00+,7
2016-03-14,DE,00+,135
2016-03-15,DE,00+,129
2016-03-16,DE,00+,90
2016-03-17,DE,00+,78
2016-03-18,DE,00+,88
2016-03-19,DE,00+,16
2016-03-20,DE,00+,2
2016-03-21,DE,00+,141
2016-03-22,DE,00+,73
2016-03-23,DE,00+,101
2016-03-24,DE,00+,75
2016-03-25,DE,00+,12
2016-03-26,DE,00+,26
2016-03-27,DE,00+,5
2016-03-28,DE,00+,20
2016-03-29,DE,00+,157
2016-03-30,DE,00+,68
2016-03-31,DE,00+,83
2016-04-01,DE,00+,68
2016-04-02,DE,00+,3
2016-04-03,DE,00+,6
2016-04-04,DE,00+,100
2016-04-05,DE,00+,62
2016-04-06,DE,00+,58
2016-04-07,DE,00+,57
2016-04-08,DE,00+,46
2016-04-09,DE,00+,5
2016-04-10,DE,00+,1
2016-04-11,DE,00+,60
2016-04-12,DE,00+,43
2016-04-13,DE,00+,38
2016-04-14,DE,00+,41
2016-04-15,DE,00+,35
2016-04-16,DE,00+,10
2016-04-17,DE,00+,4
2016-04-18,DE,00+,50
2016-04-19,DE,00+,43
2016-04-20,DE,00+,35
2016-04-21,DE,00+,31
2016-04-22,DE,00+,33
2016-04-23,DE,00+,10
2016-04-24,DE,00+,4
2016-04-25,DE,00+,53
2016-04-26,DE,00+,37
2016-04-27,DE,00+,26
2016-04-28,DE,00+,26
2016-04-29,DE,00+,35
2016-04-30,DE,00+,5
2016-05-01,DE,00+,3
2016-05-02,DE,00+,49
2016-05-03,DE,00+,32
2016-05-04,DE,00+,30
2016-05-05,DE,00+,1
2016-05-06,DE,00+,46
2016-05-07,DE,00+,3
2016-05-08,DE,00+,1
2016-05-09,DE,00+,40
2016-05-10,DE,00+,35
2016-05-11,DE,00+,24
2016-05-12,DE,00+,22
2016-05-13,DE,00+,37
2016-05-14,DE,00+,3
2016-05-15,DE,00+,4
2016-05-16,DE,00+,6
2016-05-17,DE,00+,45
2016-05-18,DE,00+,36
2016-05-19,DE,00+,20
2016-05-20,DE,00+,18
2016-05-21,DE,00+,4
2016-05-22,DE,00+,1
2016-05-23,DE,00+,45
2016-05-24,DE,00+,27
2016-05-25,DE,00+,20
2016-05-26,DE,00+,3
2016-05-27,DE,00+,21
2016-05-28,DE,00+,2
2016-05-30,DE,00+,29
2016-05-31,DE,00+,17
2016-06-01,DE,00+,25
2016-06-02,DE,00+,9
2016-06-03,DE,00+,19
2016-06-04,DE,00+,3
2016-06-05,DE,00+,1
2016-06-06,DE,00+,15
2016-06-07,DE,00+,12
2016-06-08,DE,00+,24
2016-06-09,DE,00+,13
2016-06-10,DE,00+,14
2016-06-11,DE,00+,1
2016-06-12,DE,00+,1
2016-06-13,DE,00+,22
2016-06-14,DE,00+,19
2016-06-15,DE,00+,12
2016-06-16,DE,00+,13
2016-06-17,DE,00+,19
2016-06-18,DE,00+,6
2016-06-19,DE,00+,3
2016-06-20,DE,00+,18
2016-06-21,DE,00+,19
2016-06-22,DE,00+,10
2016-06-23,DE,00+,27
2016-06-24,DE,00+,21
2016-06-25,DE,00+,1
2016-06-26,DE,00+,1
2016-06-27,DE,00+,39
2016-06-28,DE,00+,15
2016-06-29,DE,00+,8
2016-06-30,DE,00+,17
2016-07-01,DE,00+,24
2016-07-02,DE,00+,4
2016-07-03,DE,00+,1
2016-07-04,DE,00+,29
2016-07-05,DE,00+,21
2016-07-06,DE,00+,15
2016-07-07,DE,00+,17
2016-07-08,DE,00+,21
2016-07-09,DE,00+,3
2016-07-11,DE,00+,46
2016-07-12,DE,00+,14
2016-07-13,DE,00+,12
2016-07-14,DE,00+,16
2016-07-15,DE,00+,17
2016-07-16,DE,00+,4
2016-07-17,DE,00+,1
2016-07-18,DE,00+,25
2016-07-19,DE,00+,24
2016-07-20,DE,00+,19
2016-07-21,DE,00+,13
2016-07-22,DE,00+,25
2016-07-23,DE,00+,1
2016-07-24,DE,00+,1
2016-07-25,DE,00+,29
2016-07-26,DE,00+,12
2016-07-27,DE,00+,13
2016-07-28,DE,00+,14
2016-07-29,DE,00+,17
2016-07-30,DE,00+,5
2016-07-31,DE,00+,1
2016-08-01,DE,00+,29
2016-08-02,DE,00+,31
2016-08-03,DE,00+,20
2016-08-04,DE,00+,19
2016-08-05,DE,00+,11
2016-08-06,DE,00+,8
2016-08-08,DE,00+,20
2016-08-09,DE,00+,19
2016-08-10,DE,00+,19
2016-08-11,DE,00+,17
2016-08-12,DE,00+,18
2016-08-13,DE,00+,8
2016-08-14,DE,00+,1
2016-08-15,DE,00+,16
2016-08-16,DE,00+,28
2016-08-17,DE,00+,27
2016-08-18,DE,00+,17
2016-08-19,DE,00+,23
2016-08-20,DE,00+,7
2016-08-21,DE,00+,1
2016-08-22,DE,00+,21
2016-08-23,DE,00+,31
2016-08-24,DE,00+,20
2016-08-25,DE,00+,25
2016-08-26,DE,00+,26
2016-08-27,DE,00+,11
2016-08-28,DE,00+,1
2016-08-29,DE,00+,19
2016-08-30,DE,00+,23
2016-08-31,DE,00+,31
2016-09-01,DE,00+,24
2016-09-02,DE,00+,19
2016-09-03,DE,00+,8
2016-09-04,DE,00+,1
2016-09-05,DE,00+,26
2016-09-06,DE,00+,23
2016-09-07,DE,00+,22
2016-09-08,DE,00+,20
2016-09-09,DE,00+,18
2016-09-10,DE,00+,4
2016-09-11,DE,00+,2
2016-09-12,DE,00+,29
2016-09-13,DE,00+,39
2016-09-14,DE,00+,27
2016-09-15,DE,00+,15
2016-09-16,DE,00+,25
2016-09-17,DE,00+,9
2016-09-19,DE,00+,36
2016-09-20,DE,00+,23
2016-09-21,DE,00+,16
2016-09-22,DE,00+,21
2016-09-23,DE,00+,27
2016-09-24,DE,00+,6
2016-09-26,DE,00+,22
2016-09-27,DE,00+,35
2016-09-28,DE,00+,24
2016-09-29,DE,00+,31
2016-09-30,DE,00+,26
2016-10-01,DE,00+,12
2016-10-02,DE,00+,1
2016-10-03,DE,00+,8
2016-10-04,DE,00+,25
2016-10-05,DE,00+,35
2016-10-06,DE,00+,30
2016-10-07,DE,00+,29
2016-10-08,DE,00+,13
2016-10-09,DE,00+,4
2016-10-10,DE,00+,43
2016-10-11,DE,00+,44
2016-10-12,DE,00+,42
2016-10-13,DE,00+,24
2016-10-14,DE,00+,35
2016-10-15,DE,00+,12
2016-10-16,DE,00+,2
2016-10-17,DE,00+,30
2016-10-18,DE,00+,45
2016-10-19,DE,00+,40
2016-10-20,DE,00+,28
2016-10-21,DE,00+,51
2016-10-22,DE,00+,13
2016-10-23,DE,00+,1
2016-10-24,DE,00+,39
2016-10-25,DE,00+,49
2016-10-26,DE,00+,40
2016-10-27,DE,00+,35
2016-10-28,DE,00+,38
2016-10-29,DE,00+,16
2016-10-30,DE,00+,1
2016-10-31,DE,00+,33
2016-11-01,DE,00+,11
2016-11-02,DE,00+,78
2016-11-03,DE,00+,47
2016-11-04,DE,00+,32
2016-11-05,DE,00+,7
2016-11-07,DE,00+,40
2016-11-08,DE,00+,43
2016-11-09,DE,00+,42
2016-11-10,DE,00+,35
2016-11-11,DE,00+,34
2016-11-12,DE,00+,21
2016-11-14,DE,00+,46
2016-11-15,DE,00+,44
2016-11-16,DE,00+,36
2016-11-17,DE,00+,32
2016-11-18,DE,00+,46
2016-11-19,DE,00+,10
2016-11-21,DE,00+,49
2016-11-22,DE,00+,54
2016-11-23,DE,00+,65
2016-11-24,DE,00+,32
2016-11-25,DE,00+,48
2016-11-26,DE,00+,12
2016-11-27,DE,00+,1
2016-11-28,DE,00+,59
2016-11-29,DE,00+,59
2016-11-30,DE,00+,61
2016-12-01,DE,00+,67
2016-12-02,DE,00+,48
2016-12-03,DE,00+,14
2016-12-05,DE,00+,76
2016-12-06,DE,00+,71
2016-12-07,DE,00+,76
2016-12-08,DE,00+,67
2016-12-09,DE,00+,83
2016-12-10,DE,00+,37
2016-12-11,DE,00+,1
2016-12-12,DE,00+,88
2016-12-13,DE,00+,96
2016-12-14,DE,00+,83
2016-12-15,DE,00+,90
2016-12-16,DE,00+,86
2016-12-17,DE,00+,34
2016-12-19,DE,00+,139
2016-12-20,DE,00+,128
2016-12-21,DE,00+,138
2016-12-22,DE,00+,110
2016-12-23,DE,00+,101
2016-12-24,DE,00+,14
2016-12-26,DE,00+,6
2016-12-27,DE,00+,197
2016-12-28,DE,00+,150
2016-12-29,DE,00+,138
2016-12-30,DE,00+,112
2016-12-31,DE,00+,35
2017-01-01,DE,00+,1
2017-01-02,DE,00+,153
2017-01-03,DE,00+,148
2017-01-04,DE,00+,180
2017-01-05,DE,00+,148
2017-01-06,DE,00+,74
2017-01-07,DE,00+,72
2017-01-08,DE,00+,1
2017-01-09,DE,00+,197
2017-01-10,DE,00+,220
2017-01-11,DE,00+,215
2017-01-12,DE,00+,187
2017-01-13,DE,00+,203
2017-01-14,DE,00+,65
2017-01-15,DE,00+,19
2017-01-16,DE,00+,185
2017-01-17,DE,00+,283
2017-01-18,DE,00+,220
2017-01-19,DE,00+,222
2017-01-20,DE,00+,219
2017-01-21,DE,00+,92
2017-01-22,DE,00+,2
2017-01-23,DE,00+,213
2017-01-24,DE,00+,322
2017-01-25,DE,00+,359
2017-01-26,DE,00+,321
2017-01-27,DE,00+,311
2017-01-28,DE,00+,122
2017-01-29,DE,00+,17
2017-01-30,DE,00+,341
2017-01-31,DE,00+,412
2017-02-01,DE,00+,518
2017-02-02,DE,00+,409
2017-02-03,DE,00+,393
2017-02-04,DE,00+,166
2017-02-05,DE,00+,10
2017-02-06,DE,00+,373
2017-02-07,DE,00+,561
2017-02-08,DE,00+,458
2017-02-09,DE,00+,390
2017-02-10,DE,00+,324
2017-02-11,DE,00+,136
2017-02-12,DE,00+,7
2017-02-13,DE,00+,349
2017-02-14,DE,00+,430
2017-02-15,DE,00+,391
2017-02-16,DE,00+,338
2017-02-17,DE,00+,299
2017-02-18,DE,00+,99
2017-02-19,DE,00+,11
2017-02-20,DE,00+,299
2017-02-21,DE,00+,392
2017-02-22,DE,00+,305
2017-02-23,DE,00+,196
2017-02-24,DE,00+,183
2017-02-25,DE,00+,71
2017-02-26,DE,00+,13
2017-02-27,DE,00+,178
2017-02-28,DE,00+,219
2017-03-01,DE,00+,171
2017-03-02,DE,00+,148
2017-03-03,DE,00+,149
2017-03-04,DE,00+,45
2017-03-05,DE,00+,6
2017-03-06,DE,00+,134
2017-03-07,DE,00+,133
2017-03-08,DE,00+,102
2017-03-09,DE,00+,73
2017-03-10,DE,00+,97
2017-03-11,DE,00+,24
2017-03-12,DE,00+,1
2017-03-13,DE,00+,113
2017-03-14,DE,00+,119
2017-03-15,DE,00+,86
2017-03-16,DE,00+,75
2017-03-17,DE,00+,102
2017-03-18,DE,00+,30
2017-03-19,DE,00+,5
2017-03-20,DE,00+,74
2017-03-21,DE,00+,99
2017-03-22,DE,00+,84
2017-03-23,DE,00+,52
2017-03-24,DE,00+,89
2017-03-25,DE,00+,15
2017-03-26,DE,00+,3
2017-03-27,DE,00+,60
2017-03-28,DE,00+,89
2017-03-29,DE,00+,71
2017-03-30,DE,00+,35
2017-03-31,DE,00+,58
2017-04-01,DE,00+,19
2017-04-02,DE,00+,1
2017-04-03,DE,00+,58
2017-04-04,DE,00+,78
2017-04-05,DE,00+,69
2017-04-06,DE,00+,50
2017-04-07,DE,00+,71
2017-04-08,DE,00+,7
2017-04-10,DE,00+,42
2017-04-11,DE,00+,66
2017-04-12,DE,00+,49
2017-04-13,DE,00+,39
2017-04-14,DE,00+,10
2017-04-15,DE,00+,8
2017-04-16,DE,00+,1
2017-04-17,DE,00+,5
2017-04-18,DE,00+,46
2017-04-19,DE,00+,39
2017-04-20,DE,00+,36
2017-04-21,DE,00+,45
2017-04-22,DE,00+,10
2017-04-24,DE,00+,32
2017-04-25,DE,00+,34
2017-04-26,DE,00+,29
2017-04-27,DE,00+,25
2017-04-28,DE,00+,35
2017-04-29,DE,00+,12
2017-05-01,DE,00+,2
2017-05-02,DE,00+,41
2017-05-03,DE,00+,54
2017-05-04,DE,00+,35
2017-05-05,DE,00+,31
2017-05-06,DE,00+,13
2017-05-08,DE,00+,41
2017-05-09,DE,00+,38
2017-05-10,DE,00+,28
2017-05-11,DE,00+,32
2017-05-12,DE,00+,28
2017-05-13,DE,00+,22
2017-05-15,DE,00+,32
2017-05-16,DE,00+,25
2017-05-17,DE,00+,42
2017-05-18,DE,00+,18
2017-05-19,DE,00+,34
2017-05-20,DE,00+,7
2017-05-22,DE,00+,26
2017-05-23,DE,00+,32
2017-05-24,DE,00+,34
2017-05-25,DE,00+,4
2017-05-26,DE,00+,20
2017-05-27,DE,00+,4
2017-05-29,DE,00+,23
2017-05-30,DE,00+,31
2017-05-31,DE,00+,30
2017-06-01,DE,00+,21
2017-06-02,DE,00+,17
2017-06-03,DE,00+,19
2017-06-05,DE,00+,3
2017-06-06,DE,00+,17
2017-06-07,DE,00+,31
2017-06-08,DE,00+,23
2017-06-09,DE,00+,13
2017-06-10,DE,00+,11
2017-06-11,DE,00+,1
2017-06-12,DE,00+,19
2017-06-13,DE,00+,24
2017-06-14,DE,00+,19
2017-06-15,DE,00+,5
2017-06-16,DE,00+,26
2017-06-17,DE,00+,2
2017-06-19,DE,00+,13
2017-06-20,DE,00+,19
2017-06-21,DE,00+,26
2017-06-22,DE,00+,23
2017-06-23,DE,00+,19
2017-06-24,DE,00+,10
2017-06-26,DE,00+,23
2017-06-27,DE,00+,20
2017-06-28,DE,00+,14
2017-06-29,DE,00+,5
2017-06-30,DE,00+,14
2017-07-01,DE,00+,5
2017-07-04,DE,00+,11
2017-07-05,DE,00+,4
2017-07-06,DE,00+,7
2017-07-07,DE,00+,11
2017-07-08,DE,00+,5
2017-07-09,DE,00+,1
2017-07-10,DE,00+,9
2017-07-11,DE,00+,13
2017-07-12,DE,00+,7
2017-07-13,DE,00+,18
2017-07-14,DE,00+,13
2017-07-15,DE,00+,2
2017-07-17,DE,00+,17
2017-07-18,DE,00+,11
2017-07-19,DE,00+,17
2017-07-20,DE,00+,5
2017-07-21,DE,00+,14
2017-07-22,DE,00+,2
2017-07-24,DE,00+,14
2017-07-25,DE,00+,15
2017-07-26,DE,00+,11
2017-07-27,DE,00+,8
2017-07-28,DE,00+,5
2017-07-29,DE,00+,2
2017-07-31,DE,00+,12
2017-08-01,DE,00+,10
2017-08-02,DE,00+,7
2017-08-03,DE,00+,16
2017-08-04,DE,00+,8
2017-08-05,DE,00+,8
2017-08-07,DE,00+,8
2017-08-08,DE,00+,10
2017-08-09,DE,00+,13
2017-08-10,DE,00+,2
2017-08-11,DE,00+,7
2017-08-12,DE,00+,3
2017-08-14,DE,00+,4
2017-08-15,DE,00+,6
2017-08-16,DE,00+,5
2017-08-17,DE,00+,7
2017-08-18,DE,00+,6
2017-08-19,DE,00+,1
2017-08-21,DE,00+,12
2017-08-22,DE,00+,6
2017-08-23,DE,00+,8
2017-08-24,DE,00+,7
2017-08-25,DE,00+,9
2017-08-26,DE,00+,1
2017-08-28,DE,00+,11
2017-08-29,DE,00+,11
2017-08-30,DE,00+,9
2017-08-31,DE,00+,4
2017-09-01,DE,00+,13
2017-09-02,DE,00+,1
2017-09-04,DE,00+,11
2017-09-05,DE,00+,12
2017-09-06,DE,00+,18
2017-09-07,DE,00+,3
2017-09-08,DE,00+,9
2017-09-09,DE,00+,1
2017-09-11,DE,00+,11
2017-09-12,DE,00+,9
2017-09-13,DE,00+,8
2017-09-14,DE,00+,11
2017-09-15,DE,00+,18
2017-09-16,DE,00+,3
2017-09-18,DE,00+,14
2017-09-19,DE,00+,27
2017-09-20,DE,00+,13
2017-09-21,DE,00+,25
2017-09-22,DE,00+,23
2017-09-23,DE,00+,3
2017-09-25,DE,00+,19
2017-09-26,DE,00+,18
2017-09-27,DE,00+,19
2017-09-28,DE,00+,18
2017-09-29,DE,00+,25
2017-09-30,DE,00+,5
2017-10-01,DE,00+,1
2017-10-02,DE,00+,34
2017-10-03,DE,00+,2
2017-10-04,DE,00+,37
2017-10-05,DE,00+,18
2017-10-06,DE,00+,39
2017-10-07,DE,00+,1
2017-10-09,DE,00+,23
2017-10-10,DE,00+,26
2017-10-11,DE,00+,20
2017-10-12,DE,00+,24
2017-10-13,DE,00+,23
2017-10-14,DE,00+,3
2017-10-16,DE,00+,22
2017-10-17,DE,00+,24
2017-10-18,DE,00+,31
2017-10-19,DE,00+,21
2017-10-20,DE,00+,38
2017-10-21,DE,00+,6
2017-10-23,DE,00+,27
2017-10-24,DE,00+,31
2017-10-25,DE,00+,24
2017-10-26,DE,00+,17
2017-10-27,DE,00+,17
2017-10-28,DE,00+,1
2017-10-30,DE,00+,37
2017-10-31,DE,00+,1
2017-11-01,DE,00+,20
2017-11-02,DE,00+,32
2017-11-03,DE,00+,31
2017-11-04,DE,00+,10
2017-11-05,DE,00+,1
2017-11-06,DE,00+,26
2017-11-07,DE,00+,21
2017-11-08,DE,00+,34
2017-11-09,DE,00+,21
2017-11-10,DE,00+,22
2017-11-11,DE,00+,5
2017-11-13,DE,00+,27
2017-11-14,DE,00+,14
2017-11-15,DE,00+,23
2017-11-16,DE,00+,18
2017-11-17,DE,00+,29
2017-11-18,DE,00+,4
2017-11-20,DE,00+,26
2017-11-21,DE,00+,29
2017-11-22,DE,00+,26
2017-11-23,DE,00+,24
2017-11-24,DE,00+,29
2017-11-25,DE,00+,6
2017-11-26,DE,00+,2
2017-11-27,DE,00+,46
2017-11-28,DE,00+,34
2017-11-29,DE,00+,30
2017-11-30,DE,00+,26
2017-12-01,DE,00+,18
2017-12-02,DE,00+,6
2017-12-04,DE,00+,24
2017-12-05,DE,00+,26
2017-12-06,DE,00+,29
2017-12-07,DE,00+,30
2017-12-08,DE,00+,17
2017-12-09,DE,00+,1
2017-12-11,DE,00+,15
2017-12-12,DE,00+,14
2017-12-13,DE,00+,17
2017-12-14,DE,00+,21
2017-12-15,DE,00+,20
2017-12-16,DE,00+,7
2017-12-18,DE,00+,8
2017-12-19,DE,00+,9
2017-12-20,DE,00+,14
2017-12-21,DE,00+,21
2017-12-22,DE,00+,11
2017-12-23,DE,00+,6
2017-12-25,DE,00+,1
2017-12-26,DE,00+,2
2017-12-27,DE,00+,13
2017-12-28,DE,00+,13
2017-12-29,DE,00+,29
2017-12-30,DE,00+,6
2018-01-01,DE,00+,10
2018-01-02,DE,00+,39
2018-01-03,DE,00+,52
2018-01-04,DE,00+,36
2018-01-05,DE,00+,35
2018-01-06,DE,00+,19
2018-01-07,DE,00+,1
2018-01-08,DE,00+,46
2018-01-09,DE,00+,52
2018-01-10,DE,00+,38
2018-01-11,DE,00+,33
2018-01-12,DE,00+,32
2018-01-13,DE,00+,11
2018-01-14,DE,00+,4
2018-01-15,DE,00+,64
2018-01-16,DE,00+,42
2018-01-17,DE,00+,51
2018-01-18,DE,00+,44
2018-01-19,DE,00+,47
2018-01-20,DE,00+,24
2018-01-21,DE,00+,6
2018-01-22,DE,00+,44
2018-01-23,DE,00+,70
2018-01-24,DE,00+,79
2018-01-25,DE,00+,61
2018-01-26,DE,00+,55
2018-01-27,DE,00+,17
2018-01-28,DE,00+,11
2018-01-29,DE,00+,80
2018-01-30,DE,00+,77
2018-01-31,DE,00+,93
2018-02-01,DE,00+,74
2018-02-02,DE,00+,117
2018-02-03,DE,00+,18
2018-02-04,DE,00+,11
2018-02-05,DE,00+,121
2018-02-06,DE,00+,130
2018-02-07,DE,00+,89
2018-02-08,DE,00+,89
2018-02-09,DE,00+,107
2018-02-10,DE,00+,51
2018-02-11,DE,00+,17
2018-02-12,DE,00+,74
2018-02-13,DE,00+,132
2018-02-14,DE,00+,92
2018-02-15,DE,00+,107
2018-02-16,DE,00+,120
2018-02-17,DE,00+,35
2018-02-18,DE,00+,18
2018-02-19,DE,00+,157
2018-02-20,DE,00+,146
2018-02-21,DE,00+,131
2018-02-22,DE,00+,132
2018-02-23,DE,00+,134
2018-02-24,DE,00+,51
2018-02-25,DE,00+,36
2018-02-26,DE,00+,161
2018-02-27,DE,00+,168
2018-02-28,DE,00+,134
2018-03-01,DE,00+,135
2018-03-02,DE,00+,145
2018-03-03,DE,00+,47
2018-03-04,DE,00+,50
2018-03-05,DE,00+,200
2018-03-06,DE,00+,189
2018-03-07,DE,00+,229
2018-03-08,DE,00+,168
2018-03-09,DE,00+,179
2018-03-10,DE,00+,36
2018-03-11,DE,00+,37
2018-03-12,DE,00+,209
2018-03-13,DE,00+,165
2018-03-14,DE,00+,135
2018-03-15,DE,00+,119
2018-03-16,DE,00+,84
2018-03-17,DE,00+,34
2018-03-18,DE,00+,27
2018-03-19,DE,00+,129
2018-03-20,DE,00+,105
2018-03-21,DE,00+,90
2018-03-22,DE,00+,71
2018-03-23,DE,00+,76
2018-03-24,DE,00+,27
2018-03-25,DE,00+,18
2018-03-26,DE,00+,91
2018-03-27,DE,00+,87
2018-03-28,DE,00+,65
2018-03-29,DE,00+,58
2018-03-30,DE,00+,21
2018-03-31,DE,00+,52
2018-04-01,DE,00+,16
2018-04-02,DE,00+,14
2018-04-03,DE,00+,111
2018-04-04,DE,00+,50
2018-04-05,DE,00+,54
2018-04-06,DE,00+,44
2018-04-07,DE,00+,6
2018-04-08,DE,00+,5
2018-04-09,DE,00+,63
2018-04-10,DE,00+,50
2018-04-11,DE,00+,39
2018-04-12,DE,00+,58
2018-04-13,DE,00+,36
2018-04-14,DE,00+,10
2018-04-15,DE,00+,2
2018-04-16,DE,00+,46
2018-04-17,DE,00+,52
2018-04-18,DE,00+,41
2018-04-19,DE,00+,43
2018-04-20,DE,00+,37
2018-04-21,DE,00+,9
2018-04-22,DE,00+,6
2018-04-23,DE,00+,33
2018-04-24,DE,00+,55
2018-04-25,DE,00+,27
2018-04-26,DE,00+,26
2018-04-27,DE,00+,32
2018-04-28,DE,00+,2
2018-04-29,DE,00+,3
2018-04-30,DE,00+,17
2018-05-02,DE,00+,30
2018-05-03,DE,00+,34
2018-05-04,DE,00+,16
2018-05-05,DE,00+,6
2018-05-06,DE,00+,6
2018-05-07,DE,00+,39
2018-05-08,DE,00+,27
2018-05-09,DE,00+,23
2018-05-10,DE,00+,1
2018-05-11,DE,00+,26
2018-05-12,DE,00+,8
2018-05-13,DE,00+,3
2018-05-14,DE,00+,22
2018-05-15,DE,00+,20
2018-05-16,DE,00+,28
2018-05-17,DE,00+,24
2018-05-18,DE,00+,18
2018-05-19,DE,00+,4
2018-05-21,DE,00+,4
2018-05-22,DE,00+,36
2018-05-23,DE,00+,29
2018-05-24,DE,00+,26
2018-05-25,DE,00+,18
2018-05-26,DE,00+,4
2018-05-28,DE,00+,19
2018-05-29,DE,00+,15
2018-05-30,DE,00+,28
2018-06-01,DE,00+,24
2018-06-02,DE,00+,6
2018-06-04,DE,00+,26
2018-06-05,DE,00+,19
2018-06-06,DE,00+,17
2018-06-07,DE,00+,11
2018-06-08,DE,00+,7
2018-06-09,DE,00+,3
2018-06-11,DE,00+,25
2018-06-12,DE,00+,13
2018-06-13,DE,00+,11
2018-06-14,DE,00+,9
2018-06-15,DE,00+,21
2018-06-16,DE,00+,4
2018-06-18,DE,00+,20
2018-06-19,DE,00+,16
2018-06-20,DE,00+,15
2018-06-21,DE,00+,20
2018-06-22,DE,00+,23
2018-06-23,DE,00+,2
2018-06-25,DE,00+,18
2018-06-26,DE,00+,16
2018-06-27,DE,00+,15
2018-06-28,DE,00+,13
2018-06-29,DE,00+,17
2018-06-30,DE,00+,2
2018-07-02,DE,00+,22
2018-07-03,DE,00+,22
2018-07-04,DE,00+,16
2018-07-05,DE,00+,13
2018-07-06,DE,00+,19
2018-07-07,DE,00+,5
2018-07-09,DE,00+,28
2018-07-10,DE,00+,17
2018-07-11,DE,00+,17
2018-07-12,DE,00+,19
2018-07-13,DE,00+,13
2018-07-14,DE,00+,3
2018-07-16,DE,00+,31
2018-07-17,DE,00+,16
2018-07-18,DE,00+,12
2018-07-19,DE,00+,22
2018-07-20,DE,00+,10
2018-07-21,DE,00+,2
2018-07-23,DE,00+,28
2018-07-24,DE,00+,14
2018-07-25,DE,00+,19
2018-07-26,DE,00+,15
2018-07-27,DE,00+,10
2018-07-28,DE,00+,2
2018-07-30,DE,00+,18
2018-07-31,DE,00+,17
2018-08-01,DE,00+,9
2018-08-02,DE,00+,8
2018-08-03,DE,00+,17
2018-08-04,DE,00+,3
2018-08-06,DE,00+,14
2018-08-07,DE,00+,10
2018-08-08,DE,00+,13
2018-08-09,DE,00+,12
2018-08-10,DE,00+,11
2018-08-11,DE,00+,4
2018-08-13,DE,00+,19
2018-08-14,DE,00+,17
2018-08-15,DE,00+,16
2018-08-16,DE,00+,12
2018-08-17,DE,00+,12
2018-08-18,DE,00+,5
2018-08-20,DE,00+,19
2018-08-21,DE,00+,24
2018-08-22,DE,00+,19
2018-08-23,DE,00+,18
2018-08-24,DE,00+,21
2018-08-25,DE,00+,12
2018-08-27,DE,00+,35
2018-08-28,DE,00+,25
2018-08-29,DE,00+,15
2018-08-30,DE,00+,27
2018-08-31,DE,00+,17
2018-09-01,DE,00+,4
2018-09-02,DE,00+,1
2018-09-03,DE,00+,48
2018-09-04,DE,00+,48
2018-09-05,DE,00+,22
2018-09-06,DE,00+,22
2018-09-07,DE,00+,19
2018-09-08,DE,00+,6
2018-09-10,DE,00+,52
2018-09-11,DE,00+,34
2018-09-12,DE,00+,26
2018-09-13,DE,00+,28
2018-09-14,DE,00+,27
2018-09-15,DE,00+,12
2018-09-17,DE,00+,50
2018-09-18,DE,00+,23
2018-09-19,DE,00+,28
2018-09-20,DE,00+,49
2018-09-21,DE,00+,25
2018-09-22,DE,00+,9
2018-09-24,DE,00+,55
2018-09-25,DE,00+,36
2018-09-26,DE,00+,20
2018-09-27,DE,00+,18
2018-09-28,DE,00+,28
2018-09-29,DE,00+,13
2018-10-01,DE,00+,50
2018-10-02,DE,00+,34
2018-10-03,DE,00+,2
2018-10-04,DE,00+,48
2018-10-05,DE,00+,49
2018-10-06,DE,00+,12
2018-10-08,DE,00+,57
2018-10-09,DE,00+,44
2018-10-10,DE,00+,33
2018-10-11,DE,00+,36
2018-10-12,DE,00+,40
2018-10-13,DE,00+,16
2018-10-14,DE,00+,2
2018-10-15,DE,00+,61
2018-10-16,DE,00+,42
2018-10-17,DE,00+,40
2018-10-18,DE,00+,47
2018-10-19,DE,00+,43
2018-10-20,DE,00+,11
2018-10-21,DE,00+,4
2018-10-22,DE,00+,63
2018-10-23,DE,00+,43
2018-10-24,DE,00+,33
2018-10-25,DE,00+,33
2018-10-26,DE,00+,42
2018-10-27,DE,00+,18
2018-10-28,DE,00+,1
2018-10-29,DE,00+,63
2018-10-30,DE,00+,42
2018-10-31,DE,00+,30
2018-11-01,DE,00+,11
2018-11-02,DE,00+,41
2018-11-03,DE,00+,9
2018-11-04,DE,00+,2
2018-11-05,DE,00+,69
2018-11-06,DE,00+,43
2018-11-07,DE,00+,38
2018-11-08,DE,00+,30
2018-11-09,DE,00+,44
2018-11-10,DE,00+,16
2018-11-11,DE,00+,12
2018-11-12,DE,00+,58
2018-11-13,DE,00+,42
2018-11-14,DE,00+,57
2018-11-15,DE,00+,44
2018-11-16,DE,00+,49
2018-11-17,DE,00+,20
2018-11-18,DE,00+,3
2018-11-19,DE,00+,59
2018-11-20,DE,00+,58
2018-11-21,DE,00+,47
2018-11-22,DE,00+,60
2018-11-23,DE,00+,46
2018-11-24,DE,00+,23
2018-11-25,DE,00+,5
2018-11-26,DE,00+,61
2018-11-27,DE,00+,45
2018-11-28,DE,00+,43
2018-11-29,DE,00+,39
2018-11-30,DE,00+,26
2018-12-01,DE,00+,32
2018-12-02,DE,00+,5
2018-12-03,DE,00+,75
2018-12-04,DE,00+,66
2018-12-05,DE,00+,67
2018-12-06,DE,00+,54
2018-12-07,DE,00+,64
2018-12-08,DE,00+,32
2018-12-09,DE,00+,16
2018-12-10,DE,00+,94
2018-12-11,DE,00+,75
2018-12-12,DE,00+,84
2018-12-13,DE,00+,61
2018-12-14,DE,00+,79
2018-12-15,DE,00+,40
2018-12-16,DE,00+,16
2018-12-17,DE,00+,91
2018-12-18,DE,00+,102
2018-12-19,DE,00+,81
2018-12-20,DE,00+,58
2018-12-21,DE,00+,73
2018-12-22,DE,00+,15
2018-12-23,DE,00+,13
2018-12-24,DE,00+,39
2018-12-25,DE,00+,20
2018-12-26,DE,00+,8
2018-12-27,DE,00+,120
2018-12-28,DE,00+,53
2018-12-29,DE,00+,40
2018-12-30,DE,00+,8
2018-12-31,DE,00+,47
2019-01-01,DE,00+,8
2019-01-02,DE,00+,101
2019-01-03,DE,00+,65
2019-01-04,DE,00+,94
2019-01-05,DE,00+,36
2019-01-06,DE,00+,9
2019-01-07,DE,00+,94
2019-01-08,DE,00+,94
2019-01-09,DE,00+,64
2019-01-10,DE,00+,74
2019-01-11,DE,00+,71
2019-01-12,DE,00+,35
2019-01-13,DE,00+,23
2019-01-14,DE,00+,115
2019-01-15,DE,00+,106
2019-01-16,DE,00+,94
2019-01-17,DE,00+,76
2019-01-18,DE,00+,88
2019-01-19,DE,00+,55
2019-01-20,DE,00+,14
2019-01-21,DE,00+,93
2019-01-22,DE,00+,136
2019-01-23,DE,00+,103
2019-01-24,DE,00+,125
2019-01-25,DE,00+,89
2019-01-26,DE,00+,44
2019-01-27,DE,00+,26
2019-01-28,DE,00+,157
2019-01-29,DE,00+,159
2019-01-30,DE,00+,143
2019-01-31,DE,00+,132
2019-02-01,DE,00+,115
2019-02-02,DE,00+,56
2019-02-03,DE,00+,32
2019-02-04,DE,00+,157
2019-02-05,DE,00+,186
2019-02-06,DE,00+,143
2019-02-07,DE,00+,136
2019-02-08,DE,00+,147
2019-02-09,DE,00+,61
2019-02-10,DE,00+,42
2019-02-11,DE,00+,166
2019-02-12,DE,00+,179
2019-02-13,DE,00+,157
2019-02-14,DE,00+,158
2019-02-15,DE,00+,142
2019-02-16,DE,00+,64
2019-02-17,DE,00+,37
2019-02-18,DE,00+,202
2019-02-19,DE,00+,143
2019-02-20,DE,00+,185
2019-02-21,DE,00+,141
2019-02-22,DE,00+,154
2019-02-23,DE,00+,46
2019-02-24,DE,00+,29
2019-02-25,DE,00+,159
2019-02-26,DE,00+,150
2019-02-27,DE,00+,146
2019-02-28,DE,00+,101
2019-03-01,DE,00+,89
2019-03-02,DE,00+,39
2019-03-03,DE,00+,25
2019-03-04,DE,00+,83
2019-03-05,DE,00+,158
2019-03-06,DE,00+,118
2019-03-07,DE,00+,110
2019-03-08,DE,00+,75
2019-03-09,DE,00+,43
2019-03-10,DE,00+,18
2019-03-11,DE,00+,128
2019-03-12,DE,00+,91
2019-03-13,DE,00+,74
2019-03-14,DE,00+,83
2019-03-15,DE,00+,78
2019-03-16,DE,00+,36
2019-03-17,DE,00+,20
2019-03-18,DE,00+,108
2019-03-19,DE,00+,87
2019-03-20,DE,00+,62
2019-03-21,DE,00+,70
2019-03-22,DE,00+,94
2019-03-23,DE,00+,19
2019-03-24,DE,00+,10
2019-03-25,DE,00+,73
2019-03-26,DE,00+,82
2019-03-27,DE,00+,69
2019-03-28,DE,00+,64
2019-03-29,DE,00+,52
2019-03-30,DE,00+,20
2019-03-31,DE,00+,19
2019-04-01,DE,00+,89
2019-04-02,DE,00+,65
2019-04-03,DE,00+,57
2019-04-04,DE,00+,68
2019-04-05,DE,00+,46
2019-04-06,DE,00+,24
2019-04-07,DE,00+,13
2019-04-08,DE,00+,70
2019-04-09,DE,00+,73
2019-04-10,DE,00+,50
2019-04-11,DE,00+,48
2019-04-12,DE,00+,48
2019-04-13,DE,00+,15
2019-04-14,DE,00+,5
2019-04-15,DE,00+,70
2019-04-16,DE,00+,56
2019-04-17,DE,00+,48
2019-04-18,DE,00+,44
2019-04-19,DE,00+,3
2019-04-20,DE,00+,33
2019-04-21,DE,00+,8
2019-04-22,DE,00+,2
2019-04-23,DE,00+,99
2019-04-24,DE,00+,47
2019-04-25,DE,00+,50
2019-04-26,DE,00+,55
2019-04-27,DE,00+,15
2019-04-28,DE,00+,3
2019-04-29,DE,00+,42
2019-04-30,DE,00+,38
2019-05-01,DE,00+,3
2019-05-02,DE,00+,35
2019-05-03,DE,00+,58
2019-05-04,DE,00+,7
2019-05-05,DE,00+,5
2019-05-06,DE,00+,41
2019-05-07,DE,00+,39
2019-05-08,DE,00+,31
2019-05-09,DE,00+,30
2019-05-10,DE,00+,45
2019-05-11,DE,00+,17
2019-05-12,DE,00+,7
2019-05-13,DE,00+,56
2019-05-14,DE,00+,41
2019-05-15,DE,00+,36
2019-05-16,DE,00+,46
2019-05-17,DE,00+,47
2019-05-18,DE,00+,6
2019-05-19,DE,00+,1
2019-05-20,DE,00+,50
2019-05-21,DE,00+,28
2019-05-22,DE,00+,27
2019-05-23,DE,00+,39
2019-05-24,DE,00+,24
2019-05-25,DE,00+,8
2019-05-27,DE,00+,39
2019-05-28,DE,00+,36
2019-05-29,DE,00+,28
2019-05-30,DE,00+,6
2019-05-31,DE,00+,32
2019-06-01,DE,00+,13
2019-06-03,DE,00+,43
2019-06-04,DE,00+,35
2019-06-05,DE,00+,20
2019-06-06,DE,00+,25
2019-06-07,DE,00+,26
2019-06-08,DE,00+,20
2019-06-11,DE,00+,51
2019-06-12,DE,00+,33
2019-06-13,DE,00+,36
2019-06-14,DE,00+,33
2019-06-15,DE,00+,7
2019-06-16,DE,00+,1
2019-06-17,DE,00+,37
2019-06-18,DE,00+,26
2019-06-19,DE,00+,22
2019-06-20,DE,00+,9
2019-06-21,DE,00+,32
2019-06-22,DE,00+,5
2019-06-24,DE,00+,37
2019-06-25,DE,00+,16
2019-06-26,DE,00+,20
2019-06-27,DE,00+,19
2019-06-28,DE,00+,19
2019-06-29,DE,00+,8
2019-06-30,DE,00+,2
2019-07-01,DE,00+,40
2019-07-02,DE,00+,29
2019-07-03,DE,00+,28
2019-07-04,DE,00+,29
2019-07-05,DE,00+,21
2019-07-06,DE,00+,11
2019-07-07,DE,00+,1
2019-07-08,DE,00+,27
2019-07-09,DE,00+,32
2019-07-10,DE,00+,25
2019-07-11,DE,00+,27
2019-07-12,DE,00+,22
2019-07-13,DE,00+,10
2019-07-14,DE,00+,4
2019-07-15,DE,00+,38
2019-07-16,DE,00+,25
2019-07-17,DE,00+,17
2019-07-18,DE,00+,30
2019-07-19,DE,00+,28
2019-07-20,DE,00+,17
2019-07-22,DE,00+,38
2019-07-23,DE,00+,18
2019-07-24,DE,00+,23
2019-07-25,DE,00+,17
2019-07-26,DE,00+,17
2019-07-27,DE,00+,8
2019-07-29,DE,00+,24
2019-07-30,DE,00+,30
2019-07-31,DE,00+,21
2019-08-01,DE,00+,23
2019-08-02,DE,00+,24
2019-08-03,DE,00+,8
2019-08-04,DE,00+,3
2019-08-05,DE,00+,32
2019-08-06,DE,00+,29
2019-08-07,DE,00+,16
2019-08-08,DE,00+,18
2019-08-09,DE,00+,13
2019-08-10,DE,00+,9
2019-08-11,DE,00+,2
2019-08-12,DE,00+,25
2019-08-13,DE,00+,21
2019-08-14,DE,00+,26
2019-08-15,DE,00+,15
2019-08-16,DE,00+,19
2019-08-17,DE,00+,13
2019-08-19,DE,00+,22
2019-08-20,DE,00+,26
2019-08-21,DE,00+,23
2019-08-22,DE,00+,14
2019-08-23,DE,00+,17
2019-08-24,DE,00+,5
2019-08-25,DE,00+,1
2019-08-26,DE,00+,28
2019-08-27,DE,00+,18
2019-08-28,DE,00+,19
2019-08-29,DE,00+,18
2019-08-30,DE,00+,17
2019-08-31,DE,00+,9
2019-09-01,DE,00+,1
2019-09-02,DE,00+,33
2019-09-03,DE,00+,17
2019-09-04,DE,00+,20
2019-09-05,DE,00+,16
2019-09-06,DE,00+,24
2019-09-07,DE,00+,12
2019-09-08,DE,00+,1
2019-09-09,DE,00+,36
2019-09-10,DE,00+,29
2019-09-11,DE,00+,33
2019-09-12,DE,00+,19
2019-09-13,DE,00+,29
2019-09-14,DE,00+,12
2019-09-15,DE,00+,4
2019-09-16,DE,00+,43
2019-09-17,DE,00+,27
2019-09-18,DE,00+,28
2019-09-19,DE,00+,33
2019-09-20,DE,00+,24
2019-09-21,DE,00+,16
2019-09-22,DE,00+,7
2019-09-23,DE,00+,61
2019-09-24,DE,00+,39
2019-09-25,DE,00+,26
2019-09-26,DE,00+,28
2019-09-27,DE,00+,41
2019-09-28,DE,00+,10
2019-09-29,DE,00+,2
2019-09-30,DE,00+,29
2019-10-01,DE,00+,36
2019-10-02,DE,00+,41
2019-10-03,DE,00+,2
2019-10-04,DE,00+,36
2019-10-05,DE,00+,7
2019-10-06,DE,00+,1
2019-10-07,DE,00+,41
2019-10-08,DE,00+,35
2019-10-09,DE,00+,24
2019-10-10,DE,00+,31
2019-10-11,DE,00+,26
2019-10-12,DE,00+,18
2019-10-13,DE,00+,2
2019-10-14,DE,00+,37
2019-10-15,DE,00+,37
2019-10-16,DE,00+,24
2019-10-17,DE,00+,31
2019-10-18,DE,00+,28
2019-10-19,DE,00+,11
2019-10-21,DE,00+,45
2019-10-22,DE,00+,39
2019-10-23,DE,00+,35
2019-10-24,DE,00+,24
2019-10-25,DE,00+,35
2019-10-26,DE,00+,4
2019-10-28,DE,00+,54
2019-10-29,DE,00+,36
2019-10-30,DE,00+,34
2019-10-31,DE,00+,27
2019-11-01,DE,00+,12
2019-11-02,DE,00+,14
2019-11-03,DE,00+,1
2019-11-04,DE,00+,54
2019-11-05,DE,00+,54
2019-11-06,DE,00+,41
2019-11-07,DE,00+,40
2019-11-08,DE,00+,32
2019-11-09,DE,00+,11
2019-11-10,DE,00+,4
2019-11-11,DE,00+,80
2019-11-12,DE,00+,52
2019-11-13,DE,00+,41
2019-11-14,DE,00+,36
2019-11-15,DE,00+,34
2019-11-16,DE,00+,11
2019-11-17,DE,00+,2
2019-11-18,DE,00+,61
2019-11-19,DE,00+,55
2019-11-20,DE,00+,31
2019-11-21,DE,00+,55
2019-11-22,DE,00+,29
2019-11-23,DE,00+,18
2019-11-24,DE,00+,1
2019-11-25,DE,00+,55
2019-11-26,DE,00+,62
2019-11-27,DE,00+,35
2019-11-28,DE,00+,30
2019-11-29,DE,00+,23
2019-11-30,DE,00+,7
2019-12-01,DE,00+,8
2019-12-02,DE,00+,71
2019-12-03,DE,00+,63
2019-12-04,DE,00+,32
2019-12-05,DE,00+,30
2019-12-06,DE,00+,32
2019-12-07,DE,00+,14
2019-12-08,DE,00+,6
2019-12-09,DE,00+,56
2019-12-10,DE,00+,52
2019-12-11,DE,00+,43
2019-12-12,DE,00+,44
2019-12-13,DE,00+,42
2019-12-14,DE,00+,20
2019-12-15,DE,00+,2
2019-12-16,DE,00+,58
2019-12-17,DE,00+,88
2019-12-18,DE,00+,29
2019-12-19,DE,00+,45
2019-12-20,DE,00+,46
2019-12-21,DE,00+,18
2019-12-22,DE,00+,4
2019-12-23,DE,00+,89
2019-12-24,DE,00+,9
2019-12-25,DE,00+,5
2019-12-26,DE,00+,7
2019-12-27,DE,00+,80
2019-12-28,DE,00+,11
2019-12-29,DE,00+,1
2019-12-30,DE,00+,106
2019-12-31,DE,00+,9
2020-01-01,DE,00+,6
2020-01-02,DE,00+,63
2020-01-03,DE,00+,44
2020-01-04,DE,00+,11
2020-01-05,DE,00+,6
2020-01-06,DE,00+,66
2020-01-07,DE,00+,64
2020-01-08,DE,00+,45
2020-01-09,DE,00+,61
2020-01-10,DE,00+,38
2020-01-11,DE,00+,15
2020-01-12,DE,00+,4
2020-01-13,DE,00+,84
2020-01-14,DE,00+,62
2020-01-15,DE,00+,45
2020-01-16,DE,00+,65
2020-01-17,DE,00+,70
2020-01-18,DE,00+,17
2020-01-19,DE,00+,8
2020-01-20,DE,00+,76
2020-01-21,DE,00+,51
2020-01-22,DE,00+,69
2020-01-23,DE,00+,56
2020-01-24,DE,00+,55
2020-01-25,DE,00+,18
2020-01-26,DE,00+,9
2020-01-27,DE,00+,79
2020-01-28,DE,00+,75
2020-01-29,DE,00+,76
2020-01-30,DE,00+,59
2020-01-31,DE,00+,40
2020-02-01,DE,00+,24
2020-02-02,DE,00+,6
2020-02-03,DE,00+,110
2020-02-04,DE,00+,79
2020-02-05,DE,00+,69
2020-02-06,DE,00+,59
2020-02-07,DE,00+,66
2020-02-08,DE,00+,13
2020-02-09,DE,00+,7
2020-02-10,DE,00+,100
2020-02-11,DE,00+,76
2020-02-12,DE,00+,63
2020-02-13,DE,00+,59
2020-02-14,DE,00+,41
2020-02-15,DE,00+,28
2020-02-16,DE,00+,6
2020-02-17,DE,00+,80
2020-02-18,DE,00+,80
2020-02-19,DE,00+,68
2020-02-20,DE,00+,75
2020-02-21,DE,00+,64
2020-02-22,DE,00+,14
2020-02-23,DE,00+,9
2020-02-24,DE,00+,51
2020-02-25,DE,00+,105
2020-02-26,DE,00+,85
2020-02-27,DE,00+,96
2020-02-28,DE,00+,104
2020-02-29,DE,00+,45
2020-03-01,DE,00+,33
2020-03-02,DE,00+,141
2020-03-03,DE,00+,80
2020-03-04,DE,00+,82
2020-03-05,DE,00+,88
2020-03-06,DE,00+,63
2020-03-07,DE,00+,21
2020-03-08,DE,00+,24
2020-03-09,DE,00+,113
2020-03-10,DE,00+,116
2020-03-11,DE,00+,74
2020-03-12,DE,00+,117
2020-03-13,DE,00+,114
2020-03-14,DE,00+,40
2020-03-15,DE,00+,45
2020-03-16,DE,00+,137
2020-03-17,DE,00+,113
2020-03-18,DE,00+,104
2020-03-19,DE,00+,121
2020-03-20,DE,00+,157
2020-03-21,DE,00+,32
2020-03-22,DE,00+,15
2020-03-23,DE,00+,109
2020-03-24,DE,00+,91
2020-03-25,DE,00+,84
2020-03-26,DE,00+,74
2020-03-27,DE,00+,60
2020-03-28,DE,00+,39
2020-03-29,DE,00+,34
2020-03-30,DE,00+,98
2020-03-31,DE,00+,72
2020-04-01,DE,00+,60
2020-04-02,DE,00+,71
2020-04-03,DE,00+,75
2020-04-04,DE,00+,25
2020-04-05,DE,00+,19
2020-04-06,DE,00+,90
2020-04-07,DE,00+,67
2020-04-08,DE,00+,58
2020-04-09,DE,00+,46
2020-04-10,DE,00+,14
2020-04-11,DE,00+,27
2020-04-12,DE,00+,15
2020-04-13,DE,00+,28
2020-04-14,DE,00+,70
2020-04-15,DE,00+,53
2020-04-16,DE,00+,23
2020-04-17,DE,00+,50
2020-04-18,DE,00+,11
2020-04-19,DE,00+,19
2020-04-20,DE,00+,58
2020-04-21,DE,00+,54
2020-04-22,DE,00+,44
2020-04-23,DE,00+,44
2020-04-24,DE,00+,49
2020-04-25,DE,00+,14
2020-04-26,DE,00+,19
2020-04-27,DE,00+,57
2020-04-28,DE,00+,33
2020-04-29,DE,00+,41
2020-04-30,DE,00+,31
2020-05-01,DE,00+,17
2020-05-02,DE,00+,12
2020-05-03,DE,00+,16
2020-05-04,DE,00+,43
2020-05-05,DE,00+,41
2020-05-06,DE,00+,37
2020-05-07,DE,00+,26
2020-05-08,DE,00+,24
2020-05-09,DE,00+,5
2020-05-10,DE,00+,8
2020-05-11,DE,00+,29
2020-05-12,DE,00+,30
2020-05-13,DE,00+,32
2020-05-14,DE,00+,28
2020-05-15,DE,00+,16
2020-05-16,DE,00+,4
2020-05-17,DE,00+,6
2020-05-18,DE,00+,37
2020-05-19,DE,00+,18
2020-05-20,DE,00+,31
2020-05-21,DE,00+,10
2020-05-22,DE,00+,39
2020-05-23,DE,00+,10
2020-05-24,DE,00+,17
2020-05-25,DE,00+,39
2020-05-26,DE,00+,18
2020-05-27,DE,00+,10
2020-05-28,DE,00+,6
2020-05-29,DE,00+,6
2020-05-30,DE,00+,5
2020-05-31,DE,00+,4
2020-06-01,DE,00+,1
2020-06-02,DE,00+,8
2020-06-03,DE,00+,11
2020-06-04,DE,00+,10
2020-06-05,DE,00+,7
2020-06-06,DE,00+,7
2020-06-07,DE,00+,9
2020-06-08,DE,00+,9
2020-06-09,DE,00+,8
2020-06-10,DE,00+,3
2020-06-12,DE,00+,11
2020-06-15,DE,00+,9
2020-06-16,DE,00+,13
2020-06-17,DE,00+,6
2020-06-18,DE,00+,8
2020-06-19,DE,00+,6
2020-06-20,DE,00+,2
2020-06-22,DE,00+,16
2020-06-23,DE,00+,1
2020-06-24,DE,00+,10
2020-06-25,DE,00+,7
2020-06-26,DE,00+,24
2020-06-29,DE,00+,3
2020-06-30,DE,00+,5
2020-07-01,DE,00+,9
2020-07-02,DE,00+,7
2020-07-03,DE,00+,32
2020-07-04,DE,00+,5
2020-07-05,DE,00+,9
2020-07-06,DE,00+,18
2020-07-07,DE,00+,30
2020-07-08,DE,00+,16
2020-07-09,DE,00+,14
2020-07-10,DE,00+,14
2020-07-11,DE,00+,8
2020-07-12,DE,00+,4
2020-07-13,DE,00+,29
2020-07-14,DE,00+,12
2020-07-15,DE,00+,11
2020-07-16,DE,00+,14
2020-07-17,DE,00+,18
2020-07-18,DE,00+,3
2020-07-19,DE,00+,3
2020-07-20,DE,00+,21
2020-07-21,DE,00+,27
2020-07-22,DE,00+,15
2020-07-23,DE,00+,16
2020-07-24,DE,00+,12
2020-07-25,DE,00+,7
2020-07-26,DE,00+,1
2020-07-27,DE,00+,31
2020-07-28,DE,00+,14
2020-07-29,DE,00+,11
2020-07-30,DE,00+,12
2020-07-31,DE,00+,8
2020-08-01,DE,00+,7
2020-08-02,DE,00+,6
2020-08-03,DE,00+,16
2020-08-04,DE,00+,13
2020-08-05,DE,00+,12
2020-08-06,DE,00+,17
2020-08-07,DE,00+,22
2020-08-08,DE,00+,7
2020-08-09,DE,00+,5
2020-08-10,DE,00+,30
2020-08-11,DE,00+,19
2020-08-12,DE,00+,23
2020-08-13,DE,00+,11
2020-08-14,DE,00+,9
2020-08-15,DE,00+,2
2020-08-16,DE,00+,9
2020-08-17,DE,00+,11
2020-08-18,DE,00+,10
2020-08-19,DE,00+,14
2020-08-20,DE,00+,9
2020-08-21,DE,00+,11
2020-08-22,DE,00+,13
2020-08-23,DE,00+,9
2020-08-24,DE,00+,29
2020-08-25,DE,00+,26
2020-08-26,DE,00+,26
2020-08-27,DE,00+,18
2020-08-28,DE,00+,25
2020-08-29,DE,00+,6
2020-08-30,DE,00+,14
2020-08-31,DE,00+,17
2020-09-01,DE,00+,21
2020-09-02,DE,00+,18
2020-09-03,DE,00+,23
2020-09-04,DE,00+,17
2020-09-05,DE,00+,8
2020-09-06,DE,00+,8
2020-09-07,DE,00+,35
2020-09-08,DE,00+,28
2020-09-09,DE,00+,11
2020-09-10,DE,00+,14
2020-09-11,DE,00+,10
2020-09-12,DE,00+,4
2020-09-13,DE,00+,3
2020-09-14,DE,00+,38
2020-09-15,DE,00+,11
2020-09-16,DE,00+,26
2020-09-17,DE,00+,27
2020-09-18,DE,00+,28
2020-09-19,DE,00+,21
2020-09-20,DE,00+,6
2020-09-21,DE,00+,24
2020-09-22,DE,00+,27
2020-09-23,DE,00+,20
2020-09-24,DE,00+,11
2020-09-25,DE,00+,22
2020-09-26,DE,00+,7
2020-09-27,DE,00+,9
2020-09-28,DE,00+,24
2020-09-29,DE,00+,27
2020-09-30,DE,00+,31
2020-10-01,DE,00+,43
2020-10-02,DE,00+,60
2020-10-03,DE,00+,22
2020-10-04,DE,00+,31
2020-10-05,DE,00+,62
2020-10-06,DE,00+,56
2020-10-07,DE,00+,65
2020-10-08,DE,00+,44
2020-10-09,DE,00+,51
2020-10-10,DE,00+,26
2020-10-11,DE,00+,12
2020-10-12,DE,00+,62
2020-10-13,DE,00+,60
2020-10-14,DE,00+,48
2020-10-15,DE,00+,64
2020-10-16,DE,00+,55
2020-10-17,DE,00+,12
2020-10-18,DE,00+,16
2020-10-19,DE,00+,49
2020-10-20,DE,00+,22
2020-10-21,DE,00+,32
2020-10-22,DE,00+,19
2020-10-23,DE,00+,12
2020-10-24,DE,00+,19
2020-10-25,DE,00+,18
2020-10-26,DE,00+,34
2020-10-27,DE,00+,15
2020-10-28,DE,00+,25
2020-10-29,DE,00+,35
2020-10-30,DE,00+,24
2020-10-31,DE,00+,15
2020-11-01,DE,00+,22
2020-11-02,DE,00+,82
2020-11-03,DE,00+,59
2020-11-04,DE,00+,60
2020-11-05,DE,00+,47
2020-11-06,DE,00+,35
2020-11-07,DE,00+,23
2020-11-08,DE,00+,29
2020-11-09,DE,00+,45
2020-11-10,DE,00+,56
2020-11-11,DE,00+,55
2020-11-12,DE,00+,37
2020-11-13,DE,00+,43
2020-11-14,DE,00+,14
2020-11-15,DE,00+,31
2020-11-16,DE,00+,58
2020-11-17,DE,00+,37
2020-11-18,DE,00+,50
2020-11-19,DE,00+,52
2020-11-20,DE,00+,55
2020-11-21,DE,00+,23
2020-11-22,DE,00+,21
2020-11-23,DE,00+,49
2020-11-24,DE,00+,58
2020-11-25,DE,00+,59
2020-11-26,DE,00+,52
2020-11-27,DE,00+,38
2020-11-28,DE,00+,17
2020-11-29,DE,00+,12
2020-11-30,DE,00+,32
2020-12-01,DE,00+,56
2020-12-02,DE,00+,43
2020-12-03,DE,00+,55
2020-12-04,DE,00+,33
2020-12-05,DE,00+,34
2020-12-06,DE,00+,21
2020-12-07,DE,00+,51
2020-12-08,DE,00+,45
2020-12-09,DE,00+,44
2020-12-10,DE,00+,52
2020-12-11,DE,00+,47
2020-12-12,DE,00+,26
2020-12-13,DE,00+,18
2020-12-14,DE,00+,89
2020-12-15,DE,00+,52
2020-12-16,DE,00+,60
2020-12-17,DE,00+,46
2020-12-18,DE,00+,68
2020-12-19,DE,00+,12
2020-12-20,DE,00+,31
2020-12-21,DE,00+,52
2020-12-22,DE,00+,45
2020-12-23,DE,00+,43
2020-12-24,DE,00+,21
2020-12-25,DE,00+,13
2020-12-26,DE,00+,10
2020-12-27,DE,00+,13
2020-12-28,DE,00+,58
2020-12-29,DE,00+,42
2020-12-30,DE,00+,47
2020-12-31,DE,00+,26
2021-01-01,DE,00+,7
2021-01-02,DE,00+,15
2021-01-03,DE,00+,26
2021-01-04,DE,00+,63
2021-01-05,DE,00+,65
2021-01-06,DE,00+,52
2021-01-07,DE,00+,41
2021-01-08,DE,00+,30
2021-01-09,DE,00+,30
2021-01-10,DE,00+,22
2021-01-11,DE,00+,52
2021-01-12,DE,00+,62
2021-01-13,DE,00+,53
2021-01-14,DE,00+,45
2021-01-15,DE,00+,46
2021-01-16,DE,00+,14
2021-01-17,DE,00+,11
2021-01-18,DE,00+,51
2021-01-19,DE,00+,58
2021-01-20,DE,00+,55
2021-01-21,DE,00+,39
2021-01-22,DE,00+,51
2021-01-23,DE,00+,28
2021-01-24,DE,00+,19
2021-01-25,DE,00+,64
2021-01-26,DE,00+,61
2021-01-27,DE,00+,49
2021-01-28,DE,00+,59
2021-01-29,DE,00+,73
2021-01-30,DE,00+,19
2021-01-31,DE,00+,23
2021-02-01,DE,00+,59
2021-02-02,DE,00+,65
2021-02-03,DE,00+,74
2021-02-04,DE,00+,61
2021-02-05,DE,00+,39
2021-02-06,DE,00+,5
2021-02-07,DE,00+,10
2021-02-08,DE,00+,58
2021-02-09,DE,00+,51
2021-02-10,DE,00+,47
2021-02-11,DE,00+,48
2021-02-12,DE,00+,32
2021-02-13,DE,00+,8
2021-02-14,DE,00+,22
2021-02-15,DE,00+,46
2021-02-16,DE,00+,48
2021-02-17,DE,00+,38
2021-02-18,DE,00+,45
2021-02-19,DE,00+,25
2021-02-20,DE,00+,16
2021-02-21,DE,00+,24
2021-02-22,DE,00+,43
2021-02-23,DE,00+,34
2021-02-24,DE,00+,44
2021-02-25,DE,00+,41
2021-02-26,DE,00+,35
2021-02-27,DE,00+,26
2021-02-28,DE,00+,23
2021-03-01,DE,00+,46
2021-03-02,DE,00+,43
2021-03-03,DE,00+,35
2021-03-04,DE,00+,39
2021-03-05,DE,00+,54
2021-03-06,DE,00+,32
2021-03-07,DE,00+,18
2021-03-08,DE,00+,47
2021-03-09,DE,00+,41
2021-03-10,DE,00+,53
2021-03-11,DE,00+,48
2021-03-12,DE,00+,41
2021-03-13,DE,00+,18
2021-03-14,DE,00+,22
2021-03-15,DE,00+,51
2021-03-16,DE,00+,36
2021-03-17,DE,00+,47
2021-03-18,DE,00+,43
2021-03-19,DE,00+,41
2021-03-20,DE,00+,28
2021-03-21,DE,00+,21
2021-03-22,DE,00+,52
2021-03-23,DE,00+,30
2021-03-24,DE,00+,55
2021-03-25,DE,00+,39
2021-03-26,DE,00+,44
2021-03-27,DE,00+,14
2021-03-28,DE,00+,35
2021-03-29,DE,00+,67
2021-03-30,DE,00+,34
2021-03-31,DE,00+,18
2021-04-01,DE,00+,51
2021-04-02,DE,00+,19
2021-04-03,DE,00+,11
2021-04-04,DE,00+,29
2021-04-05,DE,00+,30
2021-04-06,DE,00+,68
2021-04-07,DE,00+,59
2021-04-08,DE,00+,42
2021-04-09,DE,00+,38
2021-04-10,DE,00+,6
2021-04-11,DE,00+,24
2021-04-12,DE,00+,49
2021-04-13,DE,00+,28
2021-04-14,DE,00+,35
2021-04-15,DE,00+,28
2021-04-16,DE,00+,35
2021-04-17,DE,00+,14
2021-04-18,DE,00+,18
2021-04-19,DE,00+,44
2021-04-20,DE,00+,51
2021-04-21,DE,00+,31
2021-04-22,DE,00+,35
2021-04-23,DE,00+,21
2021-04-24,DE,00+,12
2021-04-25,DE,00+,16
2021-04-26,DE,00+,41
2021-04-27,DE,00+,28
2021-04-28,DE,00+,39
2021-04-29,DE,00+,39
2021-04-30,DE,00+,37
2021-05-01,DE,00+,19
2021-05-02,DE,00+,17
2021-05-03,DE,00+,44
2021-05-04,DE,00+,35
2021-05-05,DE,00+,29
2021-05-06,DE,00+,30
2021-05-07,DE,00+,27
2021-05-08,DE,00+,11
2021-05-09,DE,00+,11
2021-05-10,DE,00+,34
2021-05-11,DE,00+,32
2021-05-12,DE,00+,31
2021-05-13,DE,00+,20
2021-05-14,DE,00+,25
2021-05-15,DE,00+,13
2021-05-16,DE,00+,12
2021-05-17,DE,00+,56
2021-05-18,DE,00+,32
2021-05-19,DE,00+,26
2021-05-20,DE,00+,38
2021-05-21,DE,00+,27
2021-05-22,DE,00+,6
2021-05-23,DE,00+,3
2021-05-24,DE,00+,12
2021-05-25,DE,00+,49
2021-05-26,DE,00+,22
2021-05-27,DE,00+,16
2021-05-28,DE,00+,26
2021-05-29,DE,00+,10
2021-05-30,DE,00+,5
2021-05-31,DE,00+,25
2021-06-01,DE,00+,42
2021-06-02,DE,00+,23
2021-06-03,DE,00+,9
2021-06-04,DE,00+,45
2021-06-05,DE,00+,17
2021-06-06,DE,00+,10
2021-06-07,DE,00+,39
2021-06-08,DE,00+,26
2021-06-09,DE,00+,31
2021-06-10,DE,00+,31
2021-06-11,DE,00+,26
2021-06-12,DE,00+,10
2021-06-13,DE,00+,15
2021-06-14,DE,00+,34
2021-06-15,DE,00+,36
2021-06-16,DE,00+,32
2021-06-17,DE,00+,26
2021-06-18,DE,00+,20
2021-06-19,DE,00+,10
2021-06-20,DE,00+,12
2021-06-21,DE,00+,41
2021-06-22,DE,00+,39
2021-06-23,DE,00+,21
2021-06-24,DE,00+,30
2021-06-25,DE,00+,27
2021-06-26,DE,00+,26
2021-06-27,DE,00+,5
2021-06-28,DE,00+,44
2021-06-29,DE,00+,24
2021-06-30,DE,00+,18
2021-07-01,DE,00+,37
2021-07-02,DE,00+,28
2021-07-03,DE,00+,16
2021-07-04,DE,00+,9
2021-07-05,DE,00+,42
2021-07-06,DE,00+,34
2021-07-07,DE,00+,34
2021-07-08,DE,00+,28
2021-07-09,DE,00+,20
2021-07-10,DE,00+,14
2021-07-11,DE,00+,10
2021-07-12,DE,00+,26
2021-07-13,DE,00+,31
2021-07-14,DE,00+,40
2021-07-15,DE,00+,24
2021-07-16,DE,00+,55
2021-07-17,DE,00+,10
2021-07-18,DE,00+,11
2021-07-19,DE,00+,32
2021-07-20,DE,00+,34
2021-07-21,DE,00+,25
2021-07-22,DE,00+,29
2021-07-23,DE,00+,41
2021-07-24,DE,00+,12
2021-07-25,DE,00+,10
2021-07-26,DE,00+,31
2021-07-27,DE,00+,40
2021-07-28,DE,00+,44
2021-07-29,DE,00+,28
2021-07-30,DE,00+,22
2021-07-31,DE,00+,1
2021-08-01,DE,00+,5
2021-08-02,DE,00+,39
2021-08-03,DE,00+,38
2021-08-04,DE,00+,26
2021-08-05,DE,00+,33
2021-08-06,DE,00+,26
2021-08-07,DE,00+,15
2021-08-08,DE,00+,11
2021-08-09,DE,00+,46
2021-08-10,DE,00+,42
2021-08-11,DE,00+,25
2021-08-12,DE,00+,26
2021-08-13,DE,00+,24
2021-08-14,DE,00+,9
2021-08-15,DE,00+,7
2021-08-16,DE,00+,29
2021-08-17,DE,00+,46
2021-08-18,DE,00+,25
2021-08-19,DE,00+,27
2021-08-20,DE,00+,37
2021-08-21,DE,00+,12
2021-08-22,DE,00+,18
2021-08-23,DE,00+,40
2021-08-24,DE,00+,27
2021-08-25,DE,00+,48
2021-08-26,DE,00+,29
2021-08-27,DE,00+,47
2021-08-28,DE,00+,7
2021-08-29,DE,00+,10
2021-08-30,DE,00+,40
2021-08-31,DE,00+,26
2021-09-01,DE,00+,36
2021-09-02,DE,00+,30
2021-09-03,DE,00+,33
2021-09-04,DE,00+,14
2021-09-05,DE,00+,17
2021-09-06,DE,00+,62
2021-09-07,DE,00+,43
2021-09-08,DE,00+,46
2021-09-09,DE,00+,30
2021-09-10,DE,00+,43
2021-09-11,DE,00+,22
2021-09-12,DE,00+,6
2021-09-13,DE,00+,70
2021-09-14,DE,00+,63
2021-09-15,DE,00+,60
2021-09-16,DE,00+,49
2021-09-17,DE,00+,52
2021-09-18,DE,00+,15
2021-09-19,DE,00+,15
2021-09-20,DE,00+,76
2021-09-21,DE,00+,87
2021-09-22,DE,00+,61
2021-09-23,DE,00+,71
2021-09-24,DE,00+,58
2021-09-25,DE,00+,14
2021-09-26,DE,00+,20
2021-09-27,DE,00+,71
2021-09-28,DE,00+,60
2021-09-29,DE,00+,83
2021-09-30,DE,00+,47
2021-10-01,DE,00+,75
2021-10-02,DE,00+,13
2021-10-03,DE,00+,7
2021-10-04,DE,00+,76
2021-10-05,DE,00+,86
2021-10-06,DE,00+,66
2021-10-07,DE,00+,79
2021-10-08,DE,00+,68
2021-10-09,DE,00+,17
2021-10-10,DE,00+,15
2021-10-11,DE,00+,85
2021-10-12,DE,00+,67
2021-10-13,DE,00+,47
2021-10-14,DE,00+,75
2021-10-15,DE,00+,77
2021-10-16,DE,00+,31
2021-10-17,DE,00+,19
2021-10-18,DE,00+,98
2021-10-19,DE,00+,97
2021-10-20,DE,00+,58
2021-10-21,DE,00+,50
2021-10-22,DE,00+,49
2021-10-23,DE,00+,13
2021-10-24,DE,00+,24
2021-10-25,DE,00+,70
2021-10-26,DE,00+,87
2021-10-27,DE,00+,78
2021-10-28,DE,00+,63
2021-10-29,DE,00+,81
2021-10-30,DE,00+,21
2021-10-31,DE,00+,18
2021-11-01,DE,00+,53
2021-11-02,DE,00+,122
2021-11-03,DE,00+,128
2021-11-04,DE,00+,128
2021-11-05,DE,00+,103
2021-11-06,DE,00+,14
2021-11-07,DE,00+,14
2021-11-08,DE,00+,136
2021-11-09,DE,00+,61
2021-11-10,DE,00+,66
2021-11-11,DE,00+,69
2021-11-12,DE,00+,51
2021-11-13,DE,00+,25
2021-11-14,DE,00+,18
2021-11-15,DE,00+,132
2021-11-16,DE,00+,139
2021-11-17,DE,00+,102
2021-11-18,DE,00+,95
2021-11-19,DE,00+,110
2021-11-20,DE,00+,12
2021-11-21,DE,00+,17
2021-11-22,DE,00+,177
2021-11-23,DE,00+,112
2021-11-24,DE,00+,87
2021-11-25,DE,00+,112
2021-11-26,DE,00+,75
2021-11-27,DE,00+,20
2021-11-28,DE,00+,19
2021-11-29,DE,00+,103
2021-11-30,DE,00+,90
2021-12-01,DE,00+,92
2021-12-02,DE,00+,78
2021-12-03,DE,00+,99
2021-12-04,DE,00+,13
2021-12-05,DE,00+,12
2021-12-06,DE,00+,141
2021-12-07,DE,00+,103
2021-12-08,DE,00+,52
2021-12-09,DE,00+,60
2021-12-10,DE,00+,48
2021-12-11,DE,00+,16
2021-12-12,DE,00+,9
2021-12-13,DE,00+,72
2021-12-14,DE,00+,115
2021-12-15,DE,00+,60
2021-12-16,DE,00+,59
2021-12-17,DE,00+,38
2021-12-18,DE,00+,12
2021-12-19,DE,00+,19
2021-12-20,DE,00+,84
2021-12-21,DE,00+,85
2021-12-22,DE,00+,61
2021-12-23,DE,00+,57
2021-12-24,DE,00+,28
2021-12-25,DE,00+,20
2021-12-26,DE,00+,21
2021-12-27,DE,00+,105
2021-12-28,DE,00+,85
2021-12-29,DE,00+,97
2021-12-30,DE,00+,91
2021-12-31,DE,00+,36
2022-01-01,DE,00+,41
2022-01-02,DE,00+,41
2022-01-03,DE,00+,104
2022-01-04,DE,00+,112
2022-01-05,DE,00+,74
2022-01-06,DE,00+,82
2022-01-07,DE,00+,87
2022-01-08,DE,00+,25
2022-01-09,DE,00+,35
2022-01-10,DE,00+,79
2022-01-11,DE,00+,88
2022-01-12,DE,00+,55
2022-01-13,DE,00+,67
2022-01-14,DE,00+,66
2022-01-15,DE,00+,31
2022-01-16,DE,00+,30
2022-01-17,DE,00+,78
2022-01-18,DE,00+,83
2022-01-19,DE,00+,85
2022-01-20,DE,00+,75
2022-01-21,DE,00+,68
2022-01-22,DE,00+,41
2022-01-23,DE,00+,16
2022-01-24,DE,00+,95
2022-01-25,DE,00+,90
2022-01-26,DE,00+,58
2022-01-27,DE,00+,77
2022-01-28,DE,00+,56
2022-01-29,DE,00+,27
2022-01-30,DE,00+,30
2022-01-31,DE,00+,78
2022-02-01,DE,00+,82
2022-02-02,DE,00+,65
2022-02-03,DE,00+,77
2022-02-04,DE,00+,68
2022-02-05,DE,00+,25
2022-02-06,DE,00+,23
2022-02-07,DE,00+,88
2022-02-08,DE,00+,95
2022-02-09,DE,00+,100
2022-02-10,DE,00+,135
2022-02-11,DE,00+,130
2022-02-12,DE,00+,64
2022-02-13,DE,00+,78
2022-02-14,DE,00+,143
2022-02-15,DE,00+,167
2022-02-16,DE,00+,134
2022-02-17,DE,00+,153
2022-02-18,DE,00+,107
2022-02-19,DE,00+,92
2022-02-20,DE,00+,83
2022-02-21,DE,00+,165
2022-02-22,DE,00+,142
2022-02-23,DE,00+,156
2022-02-24,DE,00+,136
2022-02-25,DE,00+,157
2022-02-26,DE,00+,102
2022-02-27,DE,00+,114
2022-02-28,DE,00+,147
2022-03-01,DE,00+,141
2022-03-02,DE,00+,133
2022-03-03,DE,00+,130
2022-03-04,DE,00+,119
2022-03-05,DE,00+,57
2022-03-06,DE,00+,71
2022-03-07,DE,00+,112
2022-03-08,DE,00+,89
2022-03-09,DE,00+,89
2022-03-10,DE,00+,103
2022-03-11,DE,00+,51
2022-03-12,DE,00+,26
2022-03-13,DE,00+,23
2022-03-14,DE,00+,61
2022-03-15,DE,00+,61
2022-03-16,DE,00+,59
2022-03-17,DE,00+,72
2022-03-18,DE,00+,66
2022-03-19,DE,00+,23
2022-03-20,DE,00+,33
2022-03-21,DE,00+,62
2022-03-22,DE,00+,79
2022-03-23,DE,00+,71
2022-03-24,DE,00+,83
2022-03-25,DE,00+,58
2022-03-26,DE,00+,33
2022-03-27,DE,00+,36
2022-03-28,DE,00+,87
2022-03-29,DE,00+,53
2022-03-30,DE,00+,61
2022-03-31,DE,00+,64
2022-04-01,DE,00+,43
2022-04-02,DE,00+,17
2022-04-03,DE,00+,23
2022-04-04,DE,00+,63
2022-04-05,DE,00+,58
2022-04-06,DE,00+,64
2022-04-07,DE,00+,50
2022-04-08,DE,00+,56
2022-04-09,DE,00+,23
2022-04-10,DE,00+,32
2022-04-11,DE,00+,69
2022-04-12,DE,00+,67
2022-04-13,DE,00+,54
2022-04-14,DE,00+,53
2022-04-15,DE,00+,30
2022-04-16,DE,00+,22
2022-04-17,DE,00+,22
2022-04-18,DE,00+,31
2022-04-19,DE,00+,69
2022-04-20,DE,00+,51
2022-04-21,DE,00+,55
2022-04-22,DE,00+,56
2022-04-23,DE,00+,27
2022-04-24,DE,00+,22
2022-04-25,DE,00+,62
2022-04-26,DE,00+,55
2022-04-27,DE,00+,42
2022-04-28,DE,00+,45
2022-04-29,DE,00+,50
2022-04-30,DE,00+,18
2022-05-01,DE,00+,30
2022-05-02,DE,00+,58
2022-05-03,DE,00+,55
2022-05-04,DE,00+,56
2022-05-05,DE,00+,59
2022-05-06,DE,00+,67
2022-05-07,DE,00+,27
2022-05-08,DE,00+,19
2022-05-09,DE,00+,69
2022-05-10,DE,00+,45
2022-05-11,DE,00+,50
2022-05-12,DE,00+,53
2022-05-13,DE,00+,42
2022-05-14,DE,00+,17
2022-05-15,DE,00+,26
2022-05-16,DE,00+,75
2022-05-17,DE,00+,51
2022-05-18,DE,00+,60
2022-05-19,DE,00+,68
2022-05-20,DE,00+,53
2022-05-21,DE,00+,22
2022-05-22,DE,00+,19
2022-05-23,DE,00+,55
2022-05-24,DE,00+,66
2022-05-25,DE,00+,45
2022-05-26,DE,00+,23
2022-05-27,DE,00+,41
2022-05-28,DE,00+,20
2022-05-29,DE,00+,17
2022-05-30,DE,00+,45
2022-05-31,DE,00+,39
2022-06-01,DE,00+,58
2022-06-02,DE,00+,47
2022-06-03,DE,00+,72
2022-06-04,DE,00+,19
2022-06-05,DE,00+,19
2022-06-06,DE,00+,19
2022-06-07,DE,00+,45
2022-06-08,DE,00+,45
2022-06-09,DE,00+,53
2022-06-10,DE,00+,47
2022-06-11,DE,00+,22
2022-06-12,DE,00+,22
2022-06-13,DE,00+,57
2022-06-14,DE,00+,53
2022-06-15,DE,00+,61
2022-06-16,DE,00+,53
2022-06-17,DE,00+,31
2022-06-18,DE,00+,13
2022-06-19,DE,00+,10
2022-06-20,DE,00+,39
2022-06-21,DE,00+,33
2022-06-22,DE,00+,40
2022-06-23,DE,00+,35
2022-06-24,DE,00+,39
2022-06-25,DE,00+,7
2022-06-26,DE,00+,6
2022-06-27,DE,00+,41
2022-06-28,DE,00+,29
2022-06-29,DE,00+,22
2022-06-30,DE,00+,14
2022-07-01,DE,00+,38
2022-07-02,DE,00+,14
2022-07-03,DE,00+,7
2022-07-04,DE,00+,27
2022-07-05,DE,00+,39
2022-07-06,DE,00+,30
2022-07-07,DE,00+,59
2022-07-08,DE,00+,47
2022-07-09,DE,00+,21
2022-07-10,DE,00+,46
2022-07-11,DE,00+,78
2022-07-12,DE,00+,65
2022-07-13,DE,00+,51
2022-07-14,DE,00+,54
2022-07-15,DE,00+,42
2022-07-16,DE,00+,32
2022-07-17,DE,00+,45
2022-07-18,DE,00+,77
2022-07-19,DE,00+,71
2022-07-20,DE,00+,57
2022-07-21,DE,00+,64
2022-07-22,DE,00+,57
2022-07-23,DE,00+,39
2022-07-24,DE,00+,48
2022-07-25,DE,00+,67
2022-07-26,DE,00+,35
2022-07-27,DE,00+,43
2022-07-28,DE,00+,42
2022-07-29,DE,00+,38
2022-07-30,DE,00+,37
2022-07-31,DE,00+,38
2022-08-01,DE,00+,133
2022-08-02,DE,00+,120
2022-08-03,DE,00+,88
2022-08-04,DE,00+,112
2022-08-05,DE,00+,108
2022-08-06,DE,00+,75
2022-08-07,DE,00+,64
2022-08-08,DE,00+,118
2022-08-09,DE,00+,138
2022-08-10,DE,00+,108
2022-08-11,DE,00+,102
2022-08-12,DE,00+,123
2022-08-13,DE,00+,72
2022-08-14,DE,00+,82
2022-08-15,DE,00+,125
2022-08-16,DE,00+,117
2022-08-17,DE,00+,99
2022-08-18,DE,00+,110
2022-08-19,DE,00+,99
2022-08-20,DE,00+,73
2022-08-21,DE,00+,73
2022-08-22,DE,00+,111
2022-08-23,DE,00+,132
2022-08-24,DE,00+,97
2022-08-25,DE,00+,118
2022-08-26,DE,00+,110
2022-08-27,DE,00+,71
2022-08-28,DE,00+,86
2022-08-29,DE,00+,147
2022-08-30,DE,00+,112
2022-08-31,DE,00+,111
2022-09-01,DE,00+,56
2022-09-02,DE,00+,40
2022-09-03,DE,00+,27
2022-09-04,DE,00+,16
2022-09-05,DE,00+,66
2022-09-06,DE,00+,50
2022-09-07,DE,00+,57
2022-09-08,DE,00+,61
2022-09-09,DE,00+,52
2022-09-10,DE,00+,24
2022-09-11,DE,00+,37
2022-09-12,DE,00+,73
2022-09-13,DE,00+,65
2022-09-14,DE,00+,53
2022-09-15,DE,00+,34
2022-09-16,DE,00+,36
2022-09-17,DE,00+,19
2022-09-18,DE,00+,10
2022-09-19,DE,00+,59
2022-09-20,DE,00+,55
2022-09-21,DE,00+,63
2022-09-22,DE,00+,57
2022-09-23,DE,00+,57
2022-09-24,DE,00+,41
2022-09-25,DE,00+,48
2022-09-26,DE,00+,56
2022-09-27,DE,00+,76
2022-09-28,DE,00+,61
2022-09-29,DE,00+,58
2022-09-30,DE,00+,25
2022-10-01,DE,00+,16
2022-10-02,DE,00+,15
2022-10-03,DE,00+,19
2022-10-04,DE,00+,40
2022-10-05,DE,00+,46
2022-10-06,DE,00+,44
2022-10-07,DE,00+,62
2022-10-08,DE,00+,8
2022-10-09,DE,00+,28
2022-10-10,DE,00+,56
2022-10-11,DE,00+,44
2022-10-12,DE,00+,50
2022-10-13,DE,00+,30
2022-10-14,DE,00+,55
2022-10-15,DE,00+,12
2022-10-16,DE,00+,17
2022-10-17,DE,00+,51
2022-10-18,DE,00+,51
2022-10-19,DE,00+,68
2022-10-20,DE,00+,44
2022-10-21,DE,00+,80
2022-10-22,DE,00+,29
2022-10-23,DE,00+,37
2022-10-24,DE,00+,108
2022-10-25,DE,00+,83
2022-10-26,DE,00+,108
2022-10-27,DE,00+,65
2022-10-28,DE,00+,75
2022-10-29,DE,00+,30
2022-10-30,DE,00+,56
2022-10-31,DE,00+,75
2022-11-01,DE,00+,121
2022-11-02,DE,00+,199
2022-11-03,DE,00+,205
2022-11-04,DE,00+,154
2022-11-05,DE,00+,93
2022-11-06,DE,00+,102
2022-11-07,DE,00+,206
2022-11-08,DE,00+,177
2022-11-09,DE,00+,216
2022-11-10,DE,00+,157
2022-11-11,DE,00+,184
2022-11-12,DE,00+,115
2022-11-13,DE,00+,88
2022-11-14,DE,00+,230
2022-11-15,DE,00+,210
2022-11-16,DE,00+,251
2022-11-17,DE,00+,235
2022-11-18,DE,00+,222
2022-11-19,DE,00+,92
2022-11-20,DE,00+,105
2022-11-21,DE,00+,324
2022-11-22,DE,00+,303
2022-11-23,DE,00+,291
2022-11-24,DE,00+,277
2022-11-25,DE,00+,259
2022-11-26,DE,00+,87
2022-11-27,DE,00+,113
2022-11-28,DE,00+,367
2022-11-29,DE,00+,348
2022-11-30,DE,00+,387
2022-12-01,DE,00+,340
2022-12-02,DE,00+,339
2022-12-03,DE,00+,111
2022-12-04,DE,00+,151
2022-12-05,DE,00+,530
2022-12-06,DE,00+,507
2022-12-07,DE,00+,460
2022-12-08,DE,00+,364
2022-12-09,DE,00+,448
2022-12-10,DE,00+,107
2022-12-11,DE,00+,137
2022-12-12,DE,00+,581
2022-12-13,DE,00+,552
2022-12-14,DE,00+,510
2022-12-15,DE,00+,489
2022-12-16,DE,00+,494
2022-12-17,DE,00+,164
2022-12-18,DE,00+,153
2022-12-19,DE,00+,706
2022-12-20,DE,00+,617
2022-12-21,DE,00+,512
2022-12-22,DE,00+,422
2022-12-23,DE,00+,319
2022-12-24,DE,00+,147
2022-12-25,DE,00+,127
2022-12-26,DE,00+,195
2022-12-27,DE,00+,381
2022-12-28,DE,00+,357
2022-12-29,DE,00+,311
2022-12-30,DE,00+,303
2022-12-31,DE,00+,149
2023-01-01,DE,00+,175
2023-01-02,DE,00+,817
2023-01-03,DE,00+,847
2023-01-04,DE,00+,764
2023-01-05,DE,00+,675
2023-01-06,DE,00+,558
2023-01-07,DE,00+,231
2023-01-08,DE,00+,266
2023-01-09,DE,00+,899
2023-01-10,DE,00+,682
2023-01-11,DE,00+,672
2023-01-12,DE,00+,588
2023-01-13,DE,00+,576
2023-01-14,DE,00+,232
2023-01-15,DE,00+,213
2023-01-16,DE,00+,735
2023-01-17,DE,00+,740
2023-01-18,DE,00+,591
2023-01-19,DE,00+,543
2023-01-20,DE,00+,484
2023-01-21,DE,00+,199
2023-01-22,DE,00+,209
2023-01-23,DE,00+,748
2023-01-24,DE,00+,666
2023-01-25,DE,00+,651
2023-01-26,DE,00+,548
2023-01-27,DE,00+,515
2023-01-28,DE,00+,217
2023-01-29,DE,00+,202
2023-01-30,DE,00+,846
2023-01-31,DE,00+,678
2023-02-01,DE,00+,534
2023-02-02,DE,00+,469
2023-02-03,DE,00+,393
2023-02-04,DE,00+,101
2023-02-05,DE,00+,111
2023-02-06,DE,00+,641
2023-02-07,DE,00+,592
2023-02-08,DE,00+,565
2023-02-09,DE,00+,504
2023-02-10,DE,00+,476
2023-02-11,DE,00+,123
2023-02-12,DE,00+,111
2023-02-13,DE,00+,630
2023-02-14,DE,00+,547
2023-02-15,DE,00+,494
2023-02-16,DE,00+,384
2023-02-17,DE,00+,414
2023-02-18,DE,00+,127
2023-02-19,DE,00+,116
2023-02-20,DE,00+,244
2023-02-21,DE,00+,227
2023-02-22,DE,00+,201
2023-02-23,DE,00+,187
2023-02-24,DE,00+,170
2023-02-25,DE,00+,43
2023-02-26,DE,00+,34
2023-02-27,DE,00+,268
2023-02-28,DE,00+,254
2023-03-01,DE,00+,374
2023-03-02,DE,00+,380
2023-03-03,DE,00+,372
2023-03-04,DE,00+,132
2023-03-05,DE,00+,134
2023-03-06,DE,00+,483
2023-03-07,DE,00+,428
2023-03-08,DE,00+,368
2023-03-09,DE,00+,374
2023-03-10,DE,00+,370
2023-03-11,DE,00+,138
2023-03-12,DE,00+,161
2023-03-13,DE,00+,512
2023-03-14,DE,00+,432
2023-03-15,DE,00+,423
2023-03-16,DE,00+,369
2023-03-17,DE,00+,385
2023-03-18,DE,00+,151
2023-03-19,DE,00+,136
2023-03-20,DE,00+,544
2023-03-21,DE,00+,358
2023-03-22,DE,00+,366
2023-03-23,DE,00+,232
2023-03-24,DE,00+,239
2023-03-25,DE,00+,89
2023-03-26,DE,00+,79
2023-03-27,DE,00+,270
2023-03-28,DE,00+,269
2023-03-29,DE,00+,204
2023-03-30,DE,00+,196
2023-03-31,DE,00+,142
2023-04-01,DE,00+,106
2023-04-02,DE,00+,115
2023-04-03,DE,00+,423
2023-04-04,DE,00+,350
2023-04-05,DE,00+,339
2023-04-06,DE,00+,300
2023-04-07,DE,00+,149
2023-04-08,DE,00+,164
2023-04-09,DE,00+,122
2023-04-10,DE,00+,147
2023-04-11,DE,00+,383
2023-04-12,DE,00+,308
2023-04-13,DE,00+,298
2023-04-14,DE,00+,292
2023-04-15,DE,00+,141
2023-04-16,DE,00+,136
2023-04-17,DE,00+,331
2023-04-18,DE,00+,316
2023-04-19,DE,00+,314
2023-04-20,DE,00+,289
2023-04-21,DE,00+,230
2023-04-22,DE,00+,89
2023-04-23,DE,00+,105
2023-04-24,DE,00+,333
2023-04-25,DE,00+,271
2023-04-26,DE,00+,235
2023-04-27,DE,00+,171
2023-04-28,DE,00+,173
2023-04-29,DE,00+,72
2023-04-30,DE,00+,61
2023-05-01,DE,00+,95
2023-05-02,DE,00+,294
2023-05-03,DE,00+,271
2023-05-04,DE,00+,246
2023-05-05,DE,00+,237
2023-05-06,DE,00+,83
2023-05-07,DE,00+,74
2023-05-08,DE,00+,346
2023-05-09,DE,00+,284
2023-05-10,DE,00+,237
2023-05-11,DE,00+,195
2023-05-12,DE,00+,265
2023-05-13,DE,00+,87
2023-05-14,DE,00+,91
2023-05-15,DE,00+,330
2023-05-16,DE,00+,202
2023-05-17,DE,00+,218
2023-05-18,DE,00+,61
2023-05-19,DE,00+,229
2023-05-20,DE,00+,65
2023-05-21,DE,00+,59
2023-05-22,DE,00+,352
2023-05-23,DE,00+,202
2023-05-24,DE,00+,205
2023-05-25,DE,00+,160
2023-05-26,DE,00+,175
2023-05-27,DE,00+,31
2023-05-28,DE,00+,31
2023-05-29,DE,00+,47
2023-05-30,DE,00+,236
2023-05-31,DE,00+,138
2023-06-01,DE,00+,139
2023-06-02,DE,00+,162
2023-06-03,DE,00+,31
2023-06-04,DE,00+,21
2023-06-05,DE,00+,211
2023-06-06,DE,00+,127
2023-06-07,DE,00+,126
2023-06-08,DE,00+,62
2023-06-09,DE,00+,109
2023-06-10,DE,00+,31
2023-06-11,DE,00+,15
2023-06-12,DE,00+,203
2023-06-13,DE,00+,100
2023-06-14,DE,00+,133
2023-06-15,DE,00+,107
2023-06-16,DE,00+,95
2023-06-17,DE,00+,17
2023-06-18,DE,00+,16
2023-06-19,DE,00+,118
2023-06-20,DE,00+,124
2023-06-21,DE,00+,99
2023-06-22,DE,00+,86
2023-06-23,DE,00+,94
2023-06-24,DE,00+,21
2023-06-25,DE,00+,8
2023-06-26,DE,00+,123
2023-06-27,DE,00+,90
2023-06-28,DE,00+,103
2023-06-29,DE,00+,66
2023-06-30,DE,00+,85
2023-07-01,DE,00+,19
2023-07-02,DE,00+,13
2023-07-03,DE,00+,114
2023-07-04,DE,00+,84
2023-07-05,DE,00+,90
2023-07-06,DE,00+,75
2023-07-07,DE,00+,86
2023-07-08,DE,00+,21
2023-07-09,DE,00+,23
2023-07-10,DE,00+,127
2023-07-11,DE,00+,77
2023-07-12,DE,00+,83
2023-07-13,DE,00+,77
2023-07-14,DE,00+,83
2023-07-15,DE,00+,19
2023-07-16,DE,00+,12
2023-07-17,DE,00+,117
2023-07-18,DE,00+,88
2023-07-19,DE,00+,80
2023-07-20,DE,00+,59
2023-07-21,DE,00+,90
2023-07-22,DE,00+,16
2023-07-23,DE,00+,16
2023-07-24,DE,00+,87
2023-07-25,DE,00+,54
2023-07-26,DE,00+,58
2023-07-27,DE,00+,42
2023-07-28,DE,00+,79
2023-07-29,DE,00+,14
2023-07-30,DE,00+,14
2023-07-31,DE,00+,78
2023-08-01,DE,00+,71
2023-08-02,DE,00+,78
2023-08-03,DE,00+,65
2023-08-04,DE,00+,62
2023-08-05,DE,00+,13
2023-08-06,DE,00+,11
2023-08-07,DE,00+,107
2023-08-08,DE,00+,69
2023-08-09,DE,00+,81
2023-08-10,DE,00+,64
2023-08-11,DE,00+,69
2023-08-12,DE,00+,19
2023-08-13,DE,00+,8
2023-08-14,DE,00+,121
2023-08-15,DE,00+,53
2023-08-16,DE,00+,74
2023-08-17,DE,00+,67
2023-08-18,DE,00+,75
2023-08-19,DE,00+,15
2023-08-20,DE,00+,14
2023-08-21,DE,00+,82
2023-08-22,DE,00+,74
2023-08-23,DE,00+,76
2023-08-24,DE,00+,91
2023-08-25,DE,00+,115
2023-08-26,DE,00+,24
2023-08-27,DE,00+,11
2023-08-28,DE,00+,139
2023-08-29,DE,00+,108
2023-08-30,DE,00+,108
2023-08-31,DE,00+,85
2023-09-01,DE,00+,86
2023-09-02,DE,00+,16
2023-09-03,DE,00+,14
2023-09-04,DE,00+,118
2023-09-05,DE,00+,70
2023-09-06,DE,00+,107
2023-09-07,DE,00+,89
2023-09-08,DE,00+,111
2023-09-09,DE,00+,14
2023-09-10,DE,00+,15
2023-09-11,DE,00+,111
2023-09-12,DE,00+,93
2023-09-13,DE,00+,107
2023-09-14,DE,00+,96
2023-09-15,DE,00+,112
2023-09-16,DE,00+,19
2023-09-17,DE,00+,16
2023-09-18,DE,00+,147
2023-09-19,DE,00+,104
2023-09-20,DE,00+,192
2023-09-21,DE,00+,126
2023-09-22,DE,00+,129
2023-09-23,DE,00+,18
2023-09-24,DE,00+,15
2023-09-25,DE,00+,151
2023-09-26,DE,00+,141
2023-09-27,DE,00+,135
2023-09-28,DE,00+,105
2023-09-29,DE,00+,113
2023-09-30,DE,00+,17
2023-10-01,DE,00+,15
2023-10-02,DE,00+,185
2023-10-03,DE,00+,54
2023-10-04,DE,00+,173
2023-10-05,DE,00+,184
2023-10-06,DE,00+,159
2023-10-07,DE,00+,31
2023-10-08,DE,00+,25
2023-10-09,DE,00+,256
2023-10-10,DE,00+,191
2023-10-11,DE,00+,174
2023-10-12,DE,00+,185
2023-10-13,DE,00+,169
2023-10-14,DE,00+,50
2023-10-15,DE,00+,34
2023-10-16,DE,00+,241
2023-10-17,DE,00+,241
2023-10-18,DE,00+,204
2023-10-19,DE,00+,201
2023-10-20,DE,00+,193
2023-10-21,DE,00+,56
2023-10-22,DE,00+,34
2023-10-23,DE,00+,234
2023-10-24,DE,00+,245
2023-10-25,DE,00+,215
2023-10-26,DE,00+,176
2023-10-27,DE,00+,218
2023-10-28,DE,00+,55
2023-10-29,DE,00+,44
2023-10-30,DE,00+,274
2023-10-31,DE,00+,248
2023-11-01,DE,00+,62
2023-11-02,DE,00+,254
2023-11-03,DE,00+,238
2023-11-04,DE,00+,84
2023-11-05,DE,00+,57
2023-11-06,DE,00+,304
2023-11-07,DE,00+,322
2023-11-08,DE,00+,282
2023-11-09,DE,00+,250
2023-11-10,DE,00+,252
2023-11-11,DE,00+,94
2023-11-12,DE,00+,48
2023-11-13,DE,00+,311
2023-11-14,DE,00+,310
2023-11-15,DE,00+,273
2023-11-16,DE,00+,277
2023-11-17,DE,00+,262
2023-11-18,DE,00+,66
2023-11-19,DE,00+,47
2023-11-20,DE,00+,376
2023-11-21,DE,00+,369
2023-11-22,DE,00+,336
2023-11-23,DE,00+,326
2023-11-24,DE,00+,283
2023-11-25,DE,00+,88
2023-11-26,DE,00+,68
2023-11-27,DE,00+,428
2023-11-28,DE,00+,435
2023-11-29,DE,00+,393
2023-11-30,DE,00+,316
2023-12-01,DE,00+,372
2023-12-02,DE,00+,99
2023-12-03,DE,00+,67
2023-12-04,DE,00+,441
2023-12-05,DE,00+,470
2023-12-06,DE,00+,418
2023-12-07,DE,00+,395
2023-12-08,DE,00+,313
2023-12-09,DE,00+,103
2023-12-10,DE,00+,73
2023-12-11,DE,00+,512
2023-12-12,DE,00+,521
2023-12-13,DE,00+,482
2023-12-14,DE,00+,472
2023-12-15,DE,00+,394
2023-12-16,DE,00+,99
2023-12-17,DE,00+,91
2023-12-18,DE,00+,558
2023-12-19,DE,00+,493
2023-12-20,DE,00+,451
2023-12-21,DE,00+,423
2023-12-22,DE,00+,410
2023-12-23,DE,00+,120
2023-12-24,DE,00+,89
2023-12-25,DE,00+,190
2023-12-26,DE,00+,117
2023-12-27,DE,00+,475
2023-12-28,DE,00+,396
2023-12-29,DE,00+,361
2023-12-30,DE,00+,168
2023-12-31,DE,00+,133
2024-01-01,DE,00+,137
2024-01-02,DE,00+,574
2024-01-03,DE,00+,438
2024-01-04,DE,00+,457
2024-01-05,DE,00+,440
2024-01-06,DE,00+,113
2024-01-07,DE,00+,100
2024-01-08,DE,00+,568
2024-01-09,DE,00+,509
2024-01-10,DE,00+,477
2024-01-11,DE,00+,444
2024-01-12,DE,00+,427
2024-01-13,DE,00+,134
2024-01-14,DE,00+,131
2024-01-15,DE,00+,544
2024-01-16,DE,00+,512
2024-01-17,DE,00+,488
2024-01-18,DE,00+,506
2024-01-19,DE,00+,462
2024-01-20,DE,00+,161
2024-01-21,DE,00+,140
2024-01-22,DE,00+,575
2024-01-23,DE,00+,644
2024-01-24,DE,00+,606
2024-01-25,DE,00+,548
2024-01-26,DE,00+,569
2024-01-27,DE,00+,180
2024-01-28,DE,00+,155
2024-01-29,DE,00+,732
2024-01-30,DE,00+,754
2024-01-31,DE,00+,786
2024-02-01,DE,00+,568
2024-02-02,DE,00+,516
2024-02-03,DE,00+,198
2024-02-04,DE,00+,165
2024-02-05,DE,00+,644
2024-02-06,DE,00+,717
2024-02-07,DE,00+,595
2024-02-08,DE,00+,522
2024-02-09,DE,00+,496
2024-02-10,DE,00+,210
2024-02-11,DE,00+,162
2024-02-12,DE,00+,399
2024-02-13,DE,00+,579
2024-02-14,DE,00+,428
2024-02-15,DE,00+,434
2024-02-16,DE,00+,402
2024-02-17,DE,00+,160
2024-02-18,DE,00+,107
2024-02-19,DE,00+,504
2024-02-20,DE,00+,363
2024-02-21,DE,00+,329
2024-02-22,DE,00+,373
2024-02-23,DE,00+,381
2024-02-24,DE,00+,158
2024-02-25,DE,00+,115
2024-02-26,DE,00+,484
2024-02-27,DE,00+,447
2024-02-28,DE,00+,392
2024-02-29,DE,00+,368
2024-03-01,DE,00+,414
2024-03-02,DE,00+,180
2024-03-03,DE,00+,104
2024-03-04,DE,00+,579
2024-03-05,DE,00+,541
2024-03-06,DE,00+,460
2024-03-07,DE,00+,449
2024-03-08,DE,00+,384
2024-03-09,DE,00+,159
2024-03-10,DE,00+,135
2024-03-11,DE,00+,402
2024-03-12,DE,00+,409
2024-03-13,DE,00+,388
2024-03-14,DE,00+,302
2024-03-15,DE,00+,320
2024-03-16,DE,00+,111
2024-03-17,DE,00+,92
2024-03-18,DE,00+,488
2024-03-19,DE,00+,481
2024-03-20,DE,00+,424
2024-03-21,DE,00+,401
2024-03-22,DE,00+,353
2024-03-23,DE,00+,134
2024-03-24,DE,00+,81
2024-03-25,DE,00+,404
2024-03-26,DE,00+,441
2024-03-27,DE,00+,397
2024-03-28,DE,00+,298
2024-03-29,DE,00+,128
2024-03-30,DE,00+,154
2024-03-31,DE,00+,73
2024-04-01,DE,00+,156
2024-04-02,DE,00+,390
2024-04-03,DE,00+,409
2024-04-04,DE,00+,342
2024-04-05,DE,00+,300
2024-04-06,DE,00+,141
2024-04-07,DE,00+,94
2024-04-08,DE,00+,427
2024-04-09,DE,00+,382
2024-04-10,DE,00+,278
2024-04-11,DE,00+,331
2024-04-12,DE,00+,253
2024-04-13,DE,00+,97
2024-04-14,DE,00+,70
2024-04-15,DE,00+,234
2024-04-16,DE,00+,266
2024-04-17,DE,00+,233
2024-04-18,DE,00+,261
2024-04-19,DE,00+,203
2024-04-20,DE,00+,83
2024-04-21,DE,00+,62
2024-04-22,DE,00+,416
2024-04-23,DE,00+,355
2024-04-24,DE,00+,297
2024-04-25,DE,00+,326
2024-04-26,DE,00+,243
2024-04-27,DE,00+,114
2024-04-28,DE,00+,72
2024-04-29,DE,00+,379
2024-04-30,DE,00+,301
2024-05-01,DE,00+,96
2024-05-02,DE,00+,288
2024-05-03,DE,00+,277
2024-05-04,DE,00+,117
2024-05-05,DE,00+,45
2024-05-06,DE,00+,361
2024-05-07,DE,00+,317
2024-05-08,DE,00+,271
2024-05-09,DE,00+,70
2024-05-10,DE,00+,287
2024-05-11,DE,00+,113
2024-05-12,DE,00+,92
2024-05-13,DE,00+,357
2024-05-14,DE,00+,338
2024-05-15,DE,00+,310
2024-05-16,DE,00+,289
2024-05-17,DE,00+,231
2024-05-18,DE,00+,100
2024-05-19,DE,00+,73
2024-05-20,DE,00+,72
2024-05-21,DE,00+,306
2024-05-22,DE,00+,280
2024-05-23,DE,00+,288
2024-05-24,DE,00+,246
2024-05-25,DE,00+,112
2024-05-26,DE,00+,75
2024-05-27,DE,00+,346
2024-05-28,DE,00+,274
2024-05-29,DE,00+,261
2024-05-30,DE,00+,96
2024-05-31,DE,00+,250
2024-06-01,DE,00+,95
2024-06-02,DE,00+,54
2024-06-03,DE,00+,309
2024-06-04,DE,00+,252
2024-06-05,DE,00+,237
2024-06-06,DE,00+,271
2024-06-07,DE,00+,269
2024-06-08,DE,00+,92
2024-06-09,DE,00+,72
2024-06-10,DE,00+,351
2024-06-11,DE,00+,336
2024-06-12,DE,00+,271
2024-06-13,DE,00+,324
2024-06-14,DE,00+,254
2024-06-15,DE,00+,110
2024-06-16,DE,00+,68
2024-06-17,DE,00+,373
2024-06-18,DE,00+,354
2024-06-19,DE,00+,312
2024-06-20,DE,00+,336
2024-06-21,DE,00+,290
2024-06-22,DE,00+,118
2024-06-23,DE,00+,73
2024-06-24,DE,00+,392
2024-06-25,DE,00+,321
2024-06-26,DE,00+,290
2024-06-27,DE,00+,290
2024-06-28,DE,00+,261
2024-06-29,DE,00+,106
2024-06-30,DE,00+,76
2024-07-01,DE,00+,348
2024-07-02,DE,00+,330
2024-07-03,DE,00+,304
2024-07-04,DE,00+,360
2024-07-05,DE,00+,299
2024-07-06,DE,00+,123
2024-07-07,DE,00+,66
2024-07-08,DE,00+,375
2024-07-09,DE,00+,340
2024-07-10,DE,00+,334
2024-07-11,DE,00+,295
2024-07-12,DE,00+,306
2024-07-13,DE,00+,118
2024-07-14,DE,00+,71
2024-07-15,DE,00+,357
2024-07-16,DE,00+,275
2024-07-17,DE,00+,323
2024-07-18,DE,00+,279
2024-07-19,DE,00+,226
2024-07-20,DE,00+,100
2024-07-21,DE,00+,48
2024-07-22,DE,00+,328
2024-07-23,DE,00+,346
2024-07-24,DE,00+,327
2024-07-25,DE,00+,345
2024-07-26,DE,00+,307
2024-07-27,DE,00+,97
2024-07-28,DE,00+,49
2024-07-29,DE,00+,314
2024-07-30,DE,00+,254
2024-07-31,DE,00+,284
2024-08-01,DE,00+,219
2024-08-02,DE,00+,193
2024-08-03,DE,00+,65
2024-08-04,DE,00+,55
2024-08-05,DE,00+,182
2024-08-06,DE,00+,171
2024-08-07,DE,00+,167
2024-08-08,DE,00+,148
2024-08-09,DE,00+,146
2024-08-10,DE,00+,64
2024-08-11,DE,00+,25
2024-08-12,DE,00+,206
2024-08-13,DE,00+,176
2024-08-14,DE,00+,138
2024-08-15,DE,00+,152
2024-08-16,DE,00+,72
2024-08-17,DE,00+,45
2024-08-18,DE,00+,17
2024-08-19,DE,00+,50
2024-08-20,DE,00+,8
